--------------
1 2 2 2 6 3 3 1 1 1 1 1 1 1 1 1 1 2 34 34 34 34 1 2 34 34 34 34 1 2 34 34 34 34 1 2 34 34 34 1 34 34 34 34 1 1 11 3 1 1 11 3 1 1 11 3 1 1 12 3 1 1 12 3 1 1 13 3 1 1 13 3 1 1 13 3 1 1 13 3 1 1 13 3 1 21 31 1 22 32 1 23 33 1 24 34 1 25 34 1 11 1 12 1 34 
1 2 2 2 3 3 3 1 1 1 1 1 1 1 1 1 1 34 34 34 34 34 1 34 34 34 34 34 1 34 34 34 34 34 1 2 34 34 34 1 2 34 34 34 1 1 11 3 1 1 11 3 1 1 11 3 1 1 11 3 1 1 11 3 1 1 11 3 1 1 11 3 1 1 11 3 1 1 11 3 1 1 11 3 1 21 31 1 23 32 1 24 33 1 25 34 1 34 34 1 11 1 12 1 13 

[ 0.000000 0.068179 ]
[ 0.000000 0.000000 ]

[ 0.000000 0.000000 ]
[ 0.000000 0.000000 ]

[ 0.000000 0.000000 ]
[ 0.000000 0.000000 ]

--------------
1 2 2 2 3 3 3 1 1 1 1 1 1 1 1 1 1 2 13 34 34 34 1 34 34 34 34 34 1 34 34 34 34 34 1 34 34 34 34 1 34 34 34 34 1 1 11 3 1 1 11 3 1 1 11 3 1 1 11 3 1 1 11 3 1 1 11 3 1 1 11 3 1 1 11 3 1 1 11 3 1 1 11 3 1 21 31 1 22 32 1 23 33 1 24 34 1 25 34 1 11 1 12 1 34 
1 2 2 2 3 3 3 1 1 1 1 1 1 1 1 1 1 2 34 34 34 34 1 2 34 34 34 34 1 2 34 34 34 34 1 2 34 34 34 1 2 34 34 34 1 1 11 3 1 1 11 3 1 1 13 3 1 1 13 3 1 1 13 3 1 1 11 3 1 1 11 3 1 1 11 3 1 1 11 3 1 1 12 3 1 21 31 1 22 32 1 23 33 1 24 34 1 25 34 1 11 1 13 1 34 

[ 0.000000 0.066549 ]
[ 0.000000 0.000000 ]

[ 0.000000 0.000000 ]
[ 0.000000 0.000000 ]

[ 0.000000 0.000000 ]
[ 0.000000 0.000000 ]

--------------
1 2 2 2 3 3 3 1 1 1 1 1 1 1 1 1 1 2 12 34 34 34 1 34 34 34 34 34 1 34 34 34 34 34 1 2 34 34 34 1 2 34 34 34 1 1 11 3 1 1 11 3 1 1 11 13 1 1 12 3 1 1 12 3 1 1 11 3 1 1 11 3 1 1 11 3 1 1 11 3 1 1 12 3 1 21 32 1 22 33 1 23 34 1 24 34 1 25 34 1 11 1 12 1 13 
1 2 2 2 3 3 3 1 1 1 1 1 1 1 1 1 1 2 34 14 34 34 1 2 34 34 34 34 1 2 34 34 34 34 1 2 34 34 34 1 34 34 34 34 1 1 11 3 1 1 11 3 1 1 11 3 1 1 11 3 1 1 12 3 1 1 11 3 1 1 11 3 1 1 11 3 1 1 11 3 1 1 11 3 1 21 31 1 22 32 1 23 33 1 24 34 1 34 34 1 11 1 12 1 13 

[ 0.000000 0.064781 ]
[ 0.000000 0.000000 ]

[ 0.000000 0.000000 ]
[ 0.000000 0.000000 ]

[ 0.000000 0.000000 ]
[ 0.000000 0.000000 ]

--------------
1 2 2 2 3 3 3 1 1 1 1 1 1 1 1 1 1 2 34 15 34 34 1 2 34 34 34 34 1 2 34 34 34 34 1 2 34 34 34 1 2 34 34 34 1 1 11 3 1 1 11 3 1 1 11 3 1 1 11 3 1 1 12 3 1 1 11 3 1 1 11 3 1 1 11 3 1 1 11 3 1 1 11 3 1 21 31 1 22 32 1 24 33 1 25 34 1 34 34 1 11 1 12 1 34 
1 2 2 2 3 3 3 1 1 1 1 1 1 1 1 1 1 2 34 34 34 34 1 34 34 34 34 34 1 34 34 34 34 34 1 34 34 34 34 1 34 34 34 34 1 1 11 3 1 1 12 3 1 1 12 3 1 1 12 3 1 1 12 3 1 1 11 3 1 1 11 3 1 1 11 3 1 1 11 3 1 1 11 3 1 21 31 1 22 32 1 23 33 1 24 34 1 25 34 1 11 1 13 1 34 

[ 0.000000 0.064478 ]
[ 0.000000 0.000000 ]

[ 0.000000 0.000000 ]
[ 0.000000 0.000000 ]

[ 0.000000 0.000000 ]
[ 0.000000 0.000000 ]

--------------
1 2 2 2 3 3 3 1 1 1 1 1 1 1 1 1 1 2 34 34 34 34 1 2 34 34 34 34 1 2 34 34 34 34 1 2 34 34 34 1 34 34 34 34 1 1 11 3 1 1 11 3 1 1 11 3 1 1 12 3 1 1 12 3 1 1 11 3 1 1 11 3 1 1 11 3 1 1 11 3 1 1 11 3 1 21 31 1 22 32 1 23 34 1 24 34 1 25 34 1 11 1 12 1 13 
1 2 2 2 3 3 3 1 1 1 1 1 1 1 1 1 1 34 34 34 34 34 1 34 34 34 34 34 1 34 34 34 34 34 1 2 34 34 34 1 2 34 34 34 1 1 11 3 1 1 11 3 1 1 11 3 1 1 11 3 1 1 11 3 1 1 11 3 1 1 11 3 1 1 11 3 1 1 11 3 1 1 11 3 1 21 31 1 23 32 1 24 33 1 25 34 1 34 34 1 11 1 12 1 13 

[ 0.000000 0.061791 ]
[ 0.000000 0.000000 ]

[ 0.000000 0.000000 ]
[ 0.000000 0.000000 ]

[ 0.000000 0.000000 ]
[ 0.000000 0.000000 ]

--------------
1 2 2 2 3 3 3 1 1 1 1 1 1 1 1 1 1 34 34 14 34 34 1 34 34 34 34 34 1 34 34 34 34 34 1 2 34 34 34 1 2 34 34 34 1 1 11 14 1 1 11 3 1 1 11 3 1 1 12 3 1 1 12 3 1 1 11 3 1 1 11 3 1 1 11 3 1 1 11 3 1 1 11 3 1 21 33 1 22 34 1 24 34 1 25 34 1 34 34 1 11 1 12 1 13 
1 2 2 2 3 3 3 1 1 1 1 1 1 1 1 1 1 2 34 34 34 34 1 2 34 34 34 34 1 2 34 34 34 34 1 2 34 34 34 1 2 34 34 34 1 1 11 3 1 1 11 3 1 1 11 3 1 1 11 3 1 1 11 3 1 1 11 3 1 1 11 3 1 1 11 3 1 1 12 3 1 1 12 3 1 21 31 1 22 32 1 23 33 1 24 34 1 25 34 1 12 1 13 1 34 

[ 0.000000 0.061753 ]
[ 0.000000 0.000000 ]

[ 0.000000 0.000000 ]
[ 0.000000 0.000000 ]

[ 0.000000 0.000000 ]
[ 0.000000 0.000000 ]

--------------
1 2 2 2 3 3 3 1 1 1 1 1 1 1 1 1 1 2 13 34 34 34 1 34 34 34 34 34 1 34 34 34 34 34 1 34 34 34 34 1 34 34 34 34 1 1 11 3 1 1 11 3 1 1 11 3 1 1 11 3 1 1 11 3 1 1 11 3 1 1 11 3 1 1 11 3 1 1 11 3 1 1 11 3 1 21 31 1 22 32 1 23 33 1 24 34 1 25 34 1 11 1 12 1 34 
1 2 2 2 3 3 3 1 1 1 1 1 1 1 1 1 1 2 13 34 34 34 1 2 34 34 34 34 1 2 34 34 34 34 1 2 34 34 34 1 2 34 34 34 1 1 11 3 1 1 11 3 1 1 11 3 1 1 11 3 1 1 11 3 1 1 11 3 1 1 11 3 1 1 11 3 1 1 11 3 1 1 11 3 1 21 31 1 22 32 1 23 33 1 24 33 1 25 34 1 11 1 13 1 34 

[ 0.000000 0.059810 ]
[ 0.000000 0.000000 ]

[ 0.000000 0.000000 ]
[ 0.000000 0.000000 ]

[ 0.000000 0.000000 ]
[ 0.000000 0.000000 ]

--------------
1 2 2 2 3 3 3 1 1 1 1 1 1 1 1 1 1 2 34 34 34 34 1 2 34 34 34 34 1 2 34 34 34 34 1 2 34 34 34 1 34 34 34 34 1 1 11 3 1 1 11 3 1 1 11 3 1 1 11 3 1 1 11 3 1 1 11 3 1 1 11 3 1 1 11 3 1 1 11 3 1 1 11 3 1 21 31 1 22 32 1 23 33 1 24 34 1 34 34 1 11 1 12 1 13 
1 2 2 2 3 3 3 1 1 1 1 1 1 1 1 1 1 2 34 34 34 34 1 34 34 34 34 34 1 34 34 34 34 34 1 2 34 34 34 1 2 34 34 34 1 1 11 3 1 1 11 3 1 1 11 3 1 1 12 3 1 1 13 3 1 1 11 3 1 1 11 3 1 1 11 3 1 1 11 3 1 1 11 3 1 21 31 1 22 32 1 23 34 1 24 34 1 25 34 1 12 1 34 1 34 

[ 0.000000 0.059705 ]
[ 0.000000 0.000000 ]

[ 0.000000 0.000000 ]
[ 0.000000 0.000000 ]

[ 0.000000 0.000000 ]
[ 0.000000 0.000000 ]

--------------
1 2 2 2 3 3 3 1 1 1 1 1 1 1 1 1 1 2 34 34 34 34 1 34 34 34 34 34 1 34 34 34 34 34 1 2 34 34 34 1 2 34 34 34 1 1 12 3 1 1 12 3 1 1 12 3 1 1 12 3 1 1 12 3 1 1 11 3 1 1 12 3 1 1 12 3 1 1 12 3 1 1 12 3 1 21 31 1 22 32 1 23 33 1 34 34 1 34 34 1 12 1 13 1 34 
1 2 2 2 3 3 3 1 1 1 1 1 1 1 1 1 1 2 34 14 34 34 1 2 34 34 34 34 1 2 34 34 34 34 1 2 34 34 34 1 34 34 34 34 1 1 11 3 1 1 11 3 1 1 11 3 1 1 11 3 1 1 12 3 1 1 11 3 1 1 11 3 1 1 11 3 1 1 11 3 1 1 11 3 1 21 31 1 22 32 1 23 33 1 24 34 1 34 34 1 11 1 12 1 13 

[ 0.000000 0.058633 ]
[ 0.000000 0.000000 ]

[ 0.000000 0.000000 ]
[ 0.000000 0.000000 ]

[ 0.000000 0.000000 ]
[ 0.000000 0.000000 ]

--------------
1 2 2 2 3 3 3 1 1 1 1 1 1 1 1 1 1 2 34 34 34 34 1 34 34 34 34 34 1 34 34 34 34 34 1 2 34 34 34 1 34 34 34 34 1 1 11 3 1 1 11 3 1 1 11 3 1 1 12 3 1 1 12 3 1 1 11 3 1 1 11 3 1 1 11 3 1 1 12 3 1 1 12 3 1 21 31 1 22 32 1 23 33 1 24 34 1 25 34 1 11 1 12 1 34 
1 2 2 2 3 3 3 1 1 1 1 1 1 1 1 1 1 2 13 14 34 34 1 2 34 34 34 34 1 2 34 34 34 34 1 2 34 34 34 1 2 34 34 34 1 1 11 3 1 1 12 3 1 1 12 3 1 1 12 3 1 1 12 3 1 1 11 3 1 1 11 3 1 1 11 3 1 1 12 3 1 1 12 3 1 22 31 1 23 32 1 24 33 1 25 34 1 34 34 1 12 1 13 1 34 

[ 0.000000 0.058484 ]
[ 0.000000 0.000000 ]

[ 0.000000 0.000000 ]
[ 0.000000 0.000000 ]

[ 0.000000 0.000000 ]
[ 0.000000 0.000000 ]

--------------
1 2 2 2 3 3 3 1 1 1 1 1 1 1 1 1 1 2 34 34 34 34 1 34 34 34 34 34 1 34 34 34 34 34 1 2 34 34 34 1 2 34 34 34 1 1 11 3 1 1 12 3 1 1 12 3 1 1 12 3 1 1 12 3 1 1 11 3 1 1 11 3 1 1 11 3 1 1 11 3 1 1 11 3 1 21 31 1 22 32 1 24 33 1 25 34 1 34 34 1 12 1 34 1 34 
1 2 2 2 3 3 3 1 1 1 1 1 1 1 1 1 1 2 13 34 34 34 1 2 34 34 34 34 1 2 34 34 34 34 1 2 34 34 34 1 34 34 34 34 1 1 11 3 1 1 12 3 1 1 12 3 1 1 12 3 1 1 12 3 1 1 14 3 1 1 11 3 1 1 11 3 1 1 11 3 1 1 11 3 1 21 31 1 22 32 1 23 33 1 25 34 1 34 34 1 11 1 12 1 34 

[ 0.000000 0.057670 ]
[ 0.000000 0.000000 ]

[ 0.000000 0.000000 ]
[ 0.000000 0.000000 ]

[ 0.000000 0.000000 ]
[ 0.000000 0.000000 ]

--------------
1 2 2 2 3 3 3 1 1 1 1 1 1 1 1 1 1 34 34 34 34 34 1 34 34 34 34 34 1 34 34 34 34 34 1 2 34 34 34 1 2 34 34 34 1 1 11 3 1 1 11 3 1 1 11 3 1 1 12 3 1 1 12 3 1 1 12 3 1 1 12 3 1 1 12 3 1 1 12 3 1 1 12 3 1 21 31 1 22 32 1 23 33 1 24 34 1 25 34 1 11 1 12 1 13 
1 2 2 2 3 3 3 1 1 1 1 1 1 1 1 1 1 2 34 34 34 34 1 2 34 34 34 34 1 2 34 34 34 34 1 2 34 34 34 1 2 34 34 34 1 1 11 3 1 1 11 3 1 1 12 3 1 1 15 3 1 1 15 3 1 1 11 3 1 1 11 3 1 1 11 3 1 1 11 3 1 1 11 3 1 21 31 1 22 33 1 23 34 1 34 34 1 34 34 1 12 1 13 1 34 

[ 0.000000 0.055017 ]
[ 0.000000 0.000000 ]

[ 0.000000 0.000000 ]
[ 0.000000 0.000000 ]

[ 0.000000 0.000000 ]
[ 0.000000 0.000000 ]

--------------
1 2 2 2 3 3 3 1 1 1 1 1 1 1 1 1 1 2 13 34 34 34 1 34 34 34 34 34 1 34 34 34 34 34 1 2 34 34 34 1 2 34 34 34 1 1 11 3 1 1 11 3 1 1 11 3 1 1 12 3 1 1 12 3 1 1 11 3 1 1 11 3 1 1 11 3 1 1 11 3 1 1 12 3 1 21 31 1 22 32 1 23 33 1 24 34 1 25 34 1 13 1 34 1 34 
1 2 2 2 3 3 3 1 1 1 1 1 1 1 1 1 1 2 13 34 34 34 1 2 34 34 34 34 1 2 34 34 34 34 1 2 34 34 34 1 34 34 34 34 1 1 11 3 1 1 12 3 1 1 12 3 1 1 12 3 1 1 12 3 1 1 11 3 1 1 11 3 1 1 11 3 1 1 11 3 1 1 11 3 1 21 31 1 22 32 1 23 33 1 25 34 1 34 34 1 11 1 12 1 34 

[ 0.000000 0.054432 ]
[ 0.000000 0.000000 ]

[ 0.000000 0.000000 ]
[ 0.000000 0.000000 ]

[ 0.000000 0.000000 ]
[ 0.000000 0.000000 ]

--------------
1 2 2 2 3 3 3 1 1 1 1 1 1 1 1 1 1 2 34 34 34 34 1 34 34 34 34 34 1 34 34 34 34 34 1 2 34 34 34 1 34 34 34 34 1 1 11 3 1 1 11 3 1 1 11 3 1 1 12 3 1 1 12 3 1 1 11 3 1 1 11 3 1 1 11 3 1 1 12 3 1 1 12 3 1 21 31 1 22 32 1 23 33 1 24 34 1 25 34 1 11 1 12 1 34 
1 2 2 2 3 3 3 1 1 1 1 1 1 1 1 1 1 2 34 34 34 34 1 2 34 34 34 34 1 2 34 34 34 34 1 2 34 34 34 1 2 34 34 34 1 1 11 3 1 1 11 3 1 1 11 3 1 1 12 3 1 1 12 3 1 1 12 3 1 1 11 3 1 1 11 3 1 1 11 3 1 1 11 3 1 21 31 1 22 32 1 23 33 1 24 34 1 34 34 1 11 1 12 1 13 

[ 0.000000 0.052426 ]
[ 0.000000 0.000000 ]

[ 0.000000 0.000000 ]
[ 0.000000 0.000000 ]

[ 0.000000 0.000000 ]
[ 0.000000 0.000000 ]

--------------
1 2 2 2 3 3 3 1 1 1 1 1 1 1 1 1 1 34 34 34 34 34 1 34 34 34 34 34 1 34 34 34 34 34 1 2 34 34 34 1 2 34 34 34 1 1 11 3 1 1 11 3 1 1 11 3 1 1 11 3 1 1 12 3 1 1 11 3 1 1 11 3 1 1 11 3 1 1 11 3 1 1 11 3 1 21 31 1 22 32 1 23 33 1 24 34 1 25 34 1 12 1 34 1 34 
1 2 2 2 3 3 3 1 1 1 1 1 1 1 1 1 1 2 34 34 34 34 1 2 34 34 34 34 1 2 34 34 34 34 1 2 34 34 34 1 2 34 34 34 1 1 11 3 1 1 11 3 1 1 11 3 1 1 11 3 1 1 11 3 1 1 12 3 1 1 12 3 1 1 14 3 1 1 15 3 1 1 15 3 1 21 31 1 22 32 1 23 33 1 24 34 1 25 34 1 11 1 12 1 34 

[ 0.000000 0.051022 ]
[ 0.000000 0.000000 ]

[ 0.000000 0.000000 ]
[ 0.000000 0.000000 ]

[ 0.000000 0.000000 ]
[ 0.000000 0.000000 ]

--------------
1 2 2 2 3 3 3 1 1 1 1 1 1 1 1 1 1 2 13 34 34 34 1 34 34 34 34 34 1 34 34 34 34 34 1 2 34 34 34 1 2 34 34 34 1 1 11 3 1 1 11 3 1 1 11 3 1 1 12 3 1 1 12 3 1 1 11 3 1 1 11 3 1 1 11 3 1 1 11 3 1 1 12 3 1 21 31 1 22 32 1 23 33 1 24 34 1 25 34 1 13 1 34 1 34 
1 2 2 2 3 3 3 1 1 1 1 1 1 1 1 1 1 2 34 15 34 34 1 2 34 34 34 34 1 2 34 34 34 34 1 2 34 34 34 1 2 34 34 34 1 1 11 3 1 1 11 3 1 1 11 3 1 1 11 3 1 1 11 3 1 1 11 3 1 1 11 3 1 1 11 3 1 1 11 3 1 1 11 3 1 21 31 1 22 32 1 23 33 1 24 34 1 25 34 1 11 1 12 1 34 

[ 0.000000 0.050223 ]
[ 0.000000 0.000000 ]

[ 0.000000 0.000000 ]
[ 0.000000 0.000000 ]

[ 0.000000 0.000000 ]
[ 0.000000 0.000000 ]

--------------
1 2 2 2 3 3 3 1 1 1 1 1 1 1 1 1 1 34 34 34 34 34 1 34 34 34 34 34 1 34 34 34 34 34 1 2 34 34 34 1 2 34 34 34 1 1 11 3 1 1 11 3 1 1 11 3 1 1 11 3 1 1 12 3 1 1 11 3 1 1 11 3 1 1 11 3 1 1 11 3 1 1 11 3 1 21 31 1 22 32 1 23 33 1 24 34 1 25 34 1 12 1 34 1 34 
1 2 2 2 3 3 3 1 1 1 1 1 1 1 1 1 1 2 34 34 34 34 1 2 34 34 34 34 1 2 34 34 34 34 1 2 34 34 34 1 2 34 34 34 1 1 11 3 1 1 11 3 1 1 11 3 1 1 11 3 1 1 11 3 1 1 11 3 1 1 11 3 1 1 11 3 1 1 11 3 1 1 11 3 1 21 31 1 22 32 1 23 33 1 24 34 1 25 34 1 12 1 13 1 34 

[ 0.000000 0.049691 ]
[ 0.000000 0.000000 ]

[ 0.000000 0.000000 ]
[ 0.000000 0.000000 ]

[ 0.000000 0.000000 ]
[ 0.000000 0.000000 ]

--------------
1 2 2 2 3 3 3 1 1 1 1 1 1 1 1 1 1 34 34 34 34 34 1 34 34 34 34 34 1 34 34 34 34 34 1 2 34 34 34 1 2 34 34 34 1 1 11 3 1 1 11 3 1 1 11 3 1 1 12 3 1 1 12 3 1 1 12 3 1 1 12 3 1 1 12 3 1 1 12 3 1 1 12 3 1 21 31 1 22 32 1 23 33 1 24 34 1 25 34 1 11 1 12 1 13 
1 2 2 2 3 3 3 1 1 1 1 1 1 1 1 1 1 2 34 34 34 34 1 2 34 34 34 34 1 2 34 34 34 34 1 2 34 34 34 1 2 34 34 34 1 1 11 3 1 1 11 3 1 1 11 3 1 1 12 3 1 1 12 3 1 1 11 3 1 1 11 3 1 1 11 3 1 1 11 3 1 1 11 3 1 21 31 1 22 32 1 34 33 1 24 34 1 34 34 1 11 1 12 1 13 

[ 0.000000 0.048906 ]
[ 0.000000 0.000000 ]

[ 0.000000 0.000000 ]
[ 0.000000 0.000000 ]

[ 0.000000 0.000000 ]
[ 0.000000 0.000000 ]

--------------
1 2 2 2 3 3 3 1 1 1 1 1 1 1 1 1 1 2 12 34 34 34 1 2 34 34 34 34 1 34 34 34 34 34 1 2 34 34 34 1 2 34 34 34 1 1 11 3 1 1 11 3 1 1 12 3 1 1 12 3 1 1 12 3 1 1 11 3 1 1 11 3 1 1 11 3 1 1 11 3 1 1 11 3 1 21 31 1 22 32 1 23 33 1 24 34 1 25 34 1 11 1 12 1 13 
1 2 2 2 3 3 3 1 1 1 1 1 1 1 1 1 1 2 34 14 34 34 1 2 34 34 34 34 1 2 34 34 34 34 1 2 34 34 34 1 34 34 34 34 1 1 11 3 1 1 11 3 1 1 11 3 1 1 11 3 1 1 12 3 1 1 11 3 1 1 11 3 1 1 12 3 1 1 11 3 1 1 11 3 1 21 31 1 22 32 1 23 33 1 24 34 1 34 34 1 11 1 12 1 13 

[ 0.000000 0.048335 ]
[ 0.000000 0.000000 ]

[ 0.000000 0.000000 ]
[ 0.000000 0.000000 ]

[ 0.000000 0.000000 ]
[ 0.000000 0.000000 ]

--------------
1 2 2 2 3 3 3 1 1 1 1 1 1 1 1 1 1 2 34 34 34 34 1 34 34 34 34 34 1 34 34 34 34 34 1 2 34 34 34 1 34 34 34 34 1 1 11 3 1 1 11 3 1 1 11 3 1 1 12 3 1 1 12 3 1 1 11 3 1 1 11 3 1 1 11 3 1 1 12 3 1 1 12 3 1 21 31 1 22 32 1 23 33 1 24 34 1 25 34 1 11 1 12 1 34 
1 2 2 2 3 3 3 1 1 1 1 1 1 1 1 1 1 2 34 34 34 34 1 2 34 34 34 34 1 2 34 34 34 34 1 2 34 34 34 1 2 34 34 34 1 1 11 3 1 1 11 3 1 1 12 3 1 1 15 3 1 1 15 3 1 1 11 3 1 1 11 3 1 1 11 3 1 1 11 3 1 1 11 3 1 21 31 1 22 33 1 23 34 1 34 34 1 34 34 1 12 1 13 1 34 

[ 0.000000 0.047496 ]
[ 0.000000 0.000000 ]

[ 0.000000 0.000000 ]
[ 0.000000 0.000000 ]

[ 0.000000 0.000000 ]
[ 0.000000 0.000000 ]

--------------
1 2 2 2 3 3 3 1 1 1 1 1 1 1 1 1 1 34 34 34 34 34 1 34 34 34 34 34 1 34 34 34 34 34 1 2 34 34 34 1 2 34 34 34 1 1 11 3 1 1 11 3 1 1 11 3 1 1 12 3 1 1 12 3 1 1 12 3 1 1 12 3 1 1 12 3 1 1 12 3 1 1 12 3 1 21 31 1 22 32 1 23 33 1 24 34 1 25 34 1 11 1 12 1 13 
1 2 2 2 3 3 3 1 1 1 1 1 1 1 1 1 1 2 34 34 34 34 1 2 34 34 34 34 1 2 34 34 34 34 1 2 34 34 34 1 2 34 34 34 1 1 11 3 1 1 11 3 1 1 11 3 1 1 12 3 1 1 12 3 1 1 11 3 1 1 11 3 1 1 11 3 1 1 11 3 1 1 11 3 1 21 31 1 22 32 1 23 33 1 24 34 1 34 34 1 11 1 12 1 13 

[ 0.000000 0.047142 ]
[ 0.000000 0.000000 ]

[ 0.000000 0.000000 ]
[ 0.000000 0.000000 ]

[ 0.000000 0.000000 ]
[ 0.000000 0.000000 ]

--------------
1 2 2 2 3 3 3 1 1 1 1 1 1 1 1 1 1 34 34 34 34 34 1 34 34 34 34 34 1 34 34 34 34 34 1 2 34 34 34 1 2 34 34 34 1 1 11 3 1 1 11 3 1 1 11 3 1 1 12 3 1 1 12 3 1 1 12 3 1 1 12 3 1 1 12 3 1 1 12 3 1 1 12 3 1 21 31 1 22 32 1 23 33 1 24 34 1 25 34 1 11 1 12 1 13 
1 2 2 2 3 3 3 1 1 1 1 1 1 1 1 1 1 2 34 34 34 34 1 2 34 34 34 34 1 2 34 34 34 34 1 2 34 34 34 1 2 34 34 34 1 1 11 3 1 1 11 3 1 1 11 3 1 1 12 3 1 1 12 3 1 1 11 3 1 1 11 3 1 1 11 3 1 1 11 3 1 1 11 3 1 21 31 1 22 32 1 23 33 1 24 34 1 34 34 1 11 1 12 1 13 

[ 0.000000 0.047142 ]
[ 0.000000 0.000000 ]

[ 0.000000 0.000000 ]
[ 0.000000 0.000000 ]

[ 0.000000 0.000000 ]
[ 0.000000 0.000000 ]

--------------
1 2 2 2 3 3 3 1 1 1 1 1 1 1 1 1 1 2 34 14 34 34 1 2 34 34 34 34 1 34 34 34 34 34 1 34 34 34 34 1 34 34 34 34 1 1 11 3 1 1 11 3 1 1 11 3 1 1 12 3 1 1 12 3 1 1 11 3 1 1 11 3 1 1 11 3 1 1 11 3 1 1 11 3 1 22 32 1 24 33 1 25 34 1 34 34 1 34 34 1 12 1 13 1 34 
1 2 2 2 3 3 3 1 1 1 1 1 1 1 1 1 1 2 34 15 34 34 1 2 34 34 34 34 1 2 34 34 34 34 1 2 34 34 34 1 2 34 34 34 1 1 11 3 1 1 11 3 1 1 11 3 1 1 11 3 1 1 11 3 1 1 11 3 1 1 11 3 1 1 11 3 1 1 11 3 1 1 11 3 1 21 31 1 22 32 1 23 33 1 24 34 1 25 34 1 11 1 12 1 34 

[ 0.000000 0.046384 ]
[ 0.000000 0.000000 ]

[ 0.000000 0.000000 ]
[ 0.000000 0.000000 ]

[ 0.000000 0.000000 ]
[ 0.000000 0.000000 ]

--------------
1 2 2 2 3 3 3 1 1 1 1 1 1 1 1 1 1 2 34 34 34 34 1 2 34 34 34 34 1 2 34 34 34 34 1 2 34 34 34 1 34 34 34 34 1 1 11 3 1 1 11 3 1 1 11 3 1 1 12 3 1 1 12 3 1 1 11 3 1 1 11 3 1 1 11 3 1 1 11 3 1 1 11 3 1 21 31 1 23 32 1 24 33 1 25 34 1 34 34 1 13 1 34 1 34 
1 2 2 2 3 3 3 1 1 1 1 1 1 1 1 1 1 2 34 34 34 34 1 34 34 34 34 34 1 34 34 34 34 34 1 2 34 34 34 1 2 34 34 34 1 1 11 3 1 1 11 3 1 1 11 3 1 1 12 3 1 1 13 3 1 1 11 3 1 1 11 3 1 1 11 3 1 1 11 3 1 1 11 3 1 21 31 1 22 32 1 23 34 1 24 34 1 25 34 1 12 1 34 1 34 

[ 0.000000 0.045260 ]
[ 0.000000 0.000000 ]

[ 0.000000 0.000000 ]
[ 0.000000 0.000000 ]

[ 0.000000 0.000000 ]
[ 0.000000 0.000000 ]

--------------
1 2 2 2 3 3 3 1 1 1 1 1 1 1 1 1 1 2 13 34 34 34 1 34 34 34 34 34 1 34 34 34 34 34 1 2 34 34 34 1 2 34 34 34 1 1 11 3 1 1 11 3 1 1 11 3 1 1 12 3 1 1 12 3 1 1 11 3 1 1 11 3 1 1 11 3 1 1 11 3 1 1 12 3 1 21 31 1 22 32 1 23 33 1 24 34 1 25 34 1 13 1 34 1 34 
1 2 2 2 3 3 3 1 1 1 1 1 1 1 1 1 1 2 13 14 34 34 1 2 34 34 34 34 1 2 34 34 34 34 1 2 34 34 34 1 2 34 34 34 1 1 11 3 1 1 12 3 1 1 12 3 1 1 12 3 1 1 12 3 1 1 11 3 1 1 11 3 1 1 11 3 1 1 12 3 1 1 12 3 1 22 31 1 23 32 1 24 33 1 25 34 1 34 34 1 12 1 13 1 34 

[ 0.000000 0.044606 ]
[ 0.000000 0.000000 ]

[ 0.000000 0.000000 ]
[ 0.000000 0.000000 ]

[ 0.000000 0.000000 ]
[ 0.000000 0.000000 ]

--------------
1 2 2 2 3 3 3 1 1 1 1 1 1 1 1 1 1 2 34 15 34 34 1 2 34 34 34 34 1 2 34 34 34 34 1 2 34 34 34 1 2 34 34 34 1 1 11 3 1 1 11 3 1 1 11 3 1 1 11 3 1 1 11 3 1 1 11 3 1 1 11 3 1 1 12 3 1 1 12 3 1 1 12 3 1 22 31 1 23 33 1 24 34 1 25 34 1 34 34 1 11 1 12 1 13 
1 2 2 2 3 3 3 1 1 1 1 1 1 1 1 1 1 2 34 34 34 34 1 34 34 34 34 34 1 34 34 34 34 34 1 2 34 34 34 1 2 34 34 34 1 1 11 3 1 1 11 3 1 1 11 3 1 1 12 3 1 1 12 3 1 1 11 3 1 1 11 3 1 1 11 3 1 1 11 3 1 1 11 3 1 21 31 1 22 32 1 23 33 1 24 34 1 25 34 1 11 1 13 1 34 

[ 0.000000 0.044173 ]
[ 0.000000 0.000000 ]

[ 0.000000 0.000000 ]
[ 0.000000 0.000000 ]

[ 0.000000 0.000000 ]
[ 0.000000 0.000000 ]

--------------
1 2 2 2 3 3 3 1 1 1 1 1 1 1 1 1 1 34 34 14 34 34 1 34 34 34 34 34 1 34 34 34 34 34 1 2 34 34 34 1 2 34 34 34 1 1 11 3 1 1 11 3 1 1 11 3 1 1 12 3 1 1 12 3 1 1 11 3 1 1 11 3 1 1 11 3 1 1 11 3 1 1 11 3 1 21 33 1 22 34 1 24 34 1 25 34 1 34 34 1 11 1 12 1 13 
1 2 2 2 3 3 3 1 1 1 1 1 1 1 1 1 1 2 34 34 34 34 1 2 34 34 34 34 1 34 34 34 34 34 1 2 34 34 34 1 2 34 34 34 1 1 11 3 1 1 11 3 1 1 11 3 1 1 11 3 1 1 13 3 1 1 11 3 1 1 11 3 1 1 11 3 1 1 11 3 1 1 11 3 1 21 32 1 22 33 1 23 34 1 24 34 1 25 34 1 11 1 13 1 34 

[ 0.000000 0.044127 ]
[ 0.000000 0.000000 ]

[ 0.000000 0.000000 ]
[ 0.000000 0.000000 ]

[ 0.000000 0.000000 ]
[ 0.000000 0.000000 ]

--------------
1 2 2 2 3 3 3 1 1 1 1 1 1 1 1 1 1 2 34 14 34 34 1 2 34 34 34 34 1 34 34 34 34 34 1 34 34 34 34 1 34 34 34 34 1 1 11 3 1 1 11 3 1 1 11 3 1 1 12 3 1 1 12 3 1 1 11 3 1 1 11 3 1 1 11 3 1 1 11 3 1 1 11 3 1 22 32 1 24 33 1 25 34 1 34 34 1 34 34 1 12 1 13 1 34 
1 2 2 2 3 3 3 1 1 1 1 1 1 1 1 1 1 2 13 34 34 34 1 2 34 34 34 34 1 2 34 34 34 34 1 2 34 34 34 1 34 34 34 34 1 1 11 3 1 1 12 3 1 1 12 3 1 1 12 3 1 1 12 3 1 1 11 3 1 1 11 3 1 1 11 3 1 1 11 3 1 1 11 3 1 21 31 1 22 32 1 23 33 1 25 34 1 34 34 1 11 1 12 1 34 

[ 0.000000 0.042603 ]
[ 0.000000 0.000000 ]

[ 0.000000 0.000000 ]
[ 0.000000 0.000000 ]

[ 0.000000 0.000000 ]
[ 0.000000 0.000000 ]

--------------
1 2 2 2 3 3 3 1 1 1 1 1 1 1 1 1 1 2 34 34 34 34 1 2 34 34 34 34 1 2 34 34 34 34 1 2 34 34 34 1 34 34 34 34 1 1 11 3 1 1 11 3 1 1 11 3 1 1 12 3 1 1 12 3 1 1 11 3 1 1 12 3 1 1 12 3 1 1 12 3 1 1 12 3 1 21 31 1 22 32 1 23 33 1 24 34 1 25 34 1 11 1 12 1 13 
1 2 2 2 3 3 3 1 1 1 1 1 1 1 1 1 1 2 34 34 34 34 1 34 34 34 34 34 1 34 34 34 34 34 1 2 34 34 34 1 34 34 34 34 1 1 11 3 1 1 11 3 1 1 11 3 1 1 11 3 1 1 11 3 1 1 11 3 1 1 11 3 1 1 12 3 1 1 13 3 1 1 13 3 1 21 31 1 23 32 1 24 33 1 25 34 1 34 34 1 11 1 34 1 34 

[ 0.000000 0.041956 ]
[ 0.000000 0.000000 ]

[ 0.000000 0.000000 ]
[ 0.000000 0.000000 ]

[ 0.000000 0.000000 ]
[ 0.000000 0.000000 ]

--------------
1 2 2 2 3 3 3 1 1 1 1 1 1 1 1 1 1 2 12 34 34 34 1 34 34 34 34 34 1 34 34 34 34 34 1 2 34 34 34 1 2 34 34 34 1 1 11 3 1 1 11 3 1 1 11 3 1 1 12 3 1 1 12 3 1 1 11 3 1 1 11 3 1 1 11 3 1 1 11 3 1 1 12 3 1 21 32 1 22 33 1 23 34 1 24 34 1 25 34 1 11 1 12 1 13 
1 2 2 2 3 3 3 1 1 1 1 1 1 1 1 1 1 2 34 34 34 34 1 34 34 34 34 34 1 34 34 34 34 34 1 34 34 34 34 1 34 34 34 34 1 1 11 3 1 1 12 3 1 1 12 3 1 1 12 3 1 1 12 3 1 1 11 3 1 1 11 3 1 1 11 3 1 1 11 3 1 1 11 3 1 21 31 1 22 32 1 23 33 1 24 34 1 25 34 1 11 1 13 1 34 

[ 0.000000 0.041658 ]
[ 0.000000 0.000000 ]

[ 0.000000 0.000000 ]
[ 0.000000 0.000000 ]

[ 0.000000 0.000000 ]
[ 0.000000 0.000000 ]

--------------
1 2 2 2 3 3 3 1 1 1 1 1 1 1 1 1 1 2 34 34 34 34 1 2 34 34 34 34 1 2 34 34 34 34 1 2 34 34 34 1 2 34 34 34 1 1 11 3 1 1 11 3 1 1 11 3 1 1 11 3 1 1 12 3 1 1 11 3 1 1 11 3 1 1 11 3 1 1 11 3 1 1 11 3 1 21 32 1 22 33 1 23 34 1 24 34 1 25 34 1 11 1 12 1 13 
1 2 2 2 3 3 3 1 1 1 1 1 1 1 1 1 1 2 13 34 34 34 1 34 34 34 34 34 1 34 34 34 34 34 1 2 34 34 34 1 2 34 34 34 1 1 12 3 1 1 12 3 1 1 13 3 1 1 13 3 1 1 13 3 1 1 11 3 1 1 11 3 1 1 11 3 1 1 11 3 1 1 11 3 1 21 31 1 22 32 1 23 33 1 24 34 1 25 34 1 11 1 12 1 13 

[ 0.000000 0.039470 ]
[ 0.000000 0.000000 ]

[ 0.000000 0.000000 ]
[ 0.000000 0.000000 ]

[ 0.000000 0.000000 ]
[ 0.000000 0.000000 ]

--------------
1 2 2 2 3 3 3 1 1 1 1 1 1 1 1 1 1 2 34 34 34 34 1 34 34 34 34 34 1 34 34 34 34 34 1 2 34 34 34 1 2 34 34 34 1 1 11 3 1 1 12 3 1 1 14 3 1 1 14 3 1 1 14 3 1 1 11 3 1 1 11 3 1 1 11 3 1 1 12 3 1 1 12 3 1 21 31 1 22 32 1 23 33 1 24 34 1 25 34 1 12 1 13 1 34 
1 2 2 2 3 3 3 1 1 1 1 1 1 1 1 1 1 2 34 34 34 34 1 2 34 34 34 34 1 2 34 34 34 34 1 2 34 34 34 1 2 34 34 34 1 1 11 3 1 1 11 3 1 1 12 3 1 1 12 3 1 1 12 3 1 1 11 3 1 1 11 3 1 1 11 3 1 1 12 3 1 1 13 3 1 21 31 1 22 32 1 25 33 1 34 34 1 34 34 1 12 1 34 1 34 

[ 0.000000 0.039307 ]
[ 0.000000 0.000000 ]

[ 0.000000 0.000000 ]
[ 0.000000 0.000000 ]

[ 0.000000 0.000000 ]
[ 0.000000 0.000000 ]

--------------
1 2 2 2 3 3 3 1 1 1 1 1 1 1 1 1 1 2 34 34 34 34 1 34 34 34 34 34 1 34 34 34 34 34 1 2 34 34 34 1 2 34 34 34 1 1 11 3 1 1 11 3 1 1 11 3 1 1 11 3 1 1 12 3 1 1 11 3 1 1 11 3 1 1 11 3 1 1 11 3 1 1 11 3 1 21 31 1 22 32 1 23 33 1 24 34 1 25 34 1 11 1 12 1 13 
1 2 2 2 3 3 3 1 1 1 1 1 1 1 1 1 1 2 34 34 34 34 1 2 34 34 34 34 1 2 34 34 34 34 1 2 34 34 34 1 2 34 34 34 1 1 11 3 1 1 11 3 1 1 11 3 1 1 11 3 1 1 11 3 1 1 11 3 1 1 11 3 1 1 11 3 1 1 11 3 1 1 11 3 1 21 32 1 22 33 1 23 34 1 24 34 1 25 34 1 11 1 12 1 34 

[ 0.000000 0.038276 ]
[ 0.000000 0.000000 ]

[ 0.000000 0.000000 ]
[ 0.000000 0.000000 ]

[ 0.000000 0.000000 ]
[ 0.000000 0.000000 ]

--------------
1 2 2 2 3 3 3 1 1 1 1 1 1 1 1 1 1 2 34 34 34 34 1 2 34 34 34 34 1 2 34 34 34 34 1 2 34 34 34 1 34 34 34 34 1 1 11 3 1 1 11 3 1 1 11 3 1 1 12 3 1 1 12 3 1 1 11 3 1 1 12 3 1 1 12 3 1 1 12 3 1 1 12 3 1 21 31 1 22 32 1 23 33 1 24 34 1 25 34 1 11 1 12 1 13 
1 2 2 2 3 3 3 1 1 1 1 1 1 1 1 1 1 2 13 14 34 34 1 2 34 34 34 34 1 2 34 34 34 34 1 2 34 34 34 1 2 34 34 34 1 1 11 3 1 1 12 3 1 1 12 3 1 1 12 3 1 1 12 3 1 1 11 3 1 1 11 3 1 1 11 3 1 1 12 3 1 1 12 3 1 22 31 1 23 32 1 24 33 1 25 34 1 34 34 1 12 1 13 1 34 

[ 0.000000 0.038067 ]
[ 0.000000 0.000000 ]

[ 0.000000 0.000000 ]
[ 0.000000 0.000000 ]

[ 0.000000 0.000000 ]
[ 0.000000 0.000000 ]

--------------
1 2 2 2 3 3 3 1 1 1 1 1 1 1 1 1 1 2 34 34 34 34 1 34 34 34 34 34 1 34 34 34 34 34 1 2 34 34 34 1 34 34 34 34 1 1 11 3 1 1 11 3 1 1 11 3 1 1 12 3 1 1 12 3 1 1 11 3 1 1 11 3 1 1 11 3 1 1 12 3 1 1 12 3 1 21 31 1 22 32 1 23 33 1 24 34 1 25 34 1 11 1 12 1 34 
1 2 2 2 3 3 3 1 1 1 1 1 1 1 1 1 1 2 34 34 34 34 1 2 34 34 34 34 1 2 34 34 34 34 1 2 34 34 34 1 34 34 34 34 1 1 11 3 1 1 11 3 1 1 12 3 1 1 13 3 1 1 13 3 1 1 11 3 1 1 11 3 1 1 11 3 1 1 11 3 1 1 11 3 1 21 31 1 23 32 1 24 33 1 25 34 1 34 34 1 11 1 12 1 13 

[ 0.000000 0.037294 ]
[ 0.000000 0.000000 ]

[ 0.000000 0.000000 ]
[ 0.000000 0.000000 ]

[ 0.000000 0.000000 ]
[ 0.000000 0.000000 ]

--------------
1 2 2 2 3 3 3 1 1 1 1 1 1 1 1 1 1 2 34 34 34 34 1 34 34 34 34 34 1 34 34 34 34 34 1 2 34 34 34 1 2 34 34 34 1 1 12 3 1 1 12 3 1 1 12 3 1 1 12 3 1 1 12 3 1 1 11 3 1 1 12 3 1 1 12 3 1 1 12 3 1 1 12 3 1 21 31 1 22 32 1 23 33 1 34 34 1 34 34 1 12 1 13 1 34 
1 2 2 2 3 3 3 1 1 1 1 1 1 1 1 1 1 2 34 15 34 34 1 2 34 34 34 34 1 2 34 34 34 34 1 2 34 34 34 1 2 34 34 34 1 1 11 3 1 1 11 3 1 1 11 3 1 1 11 3 1 1 13 3 1 1 11 3 1 1 11 3 1 1 12 3 1 1 12 3 1 1 12 3 1 21 32 1 22 33 1 23 34 1 24 34 1 25 34 1 11 1 13 1 34 

[ 0.000000 0.037159 ]
[ 0.000000 0.000000 ]

[ 0.000000 0.000000 ]
[ 0.000000 0.000000 ]

[ 0.000000 0.000000 ]
[ 0.000000 0.000000 ]

--------------
1 2 2 2 3 3 3 1 1 1 1 1 1 1 1 1 1 2 34 34 34 34 1 2 34 34 34 34 1 2 34 34 34 34 1 2 34 34 34 1 2 34 34 34 1 1 11 3 1 1 11 3 1 1 11 3 1 1 11 3 1 1 11 3 1 1 11 3 1 1 11 3 1 1 11 3 1 1 12 3 1 1 12 3 1 21 31 1 22 32 1 23 33 1 24 34 1 25 34 1 11 1 34 1 34 
1 2 2 2 3 3 3 1 1 1 1 1 1 1 1 1 1 2 34 34 34 34 1 34 34 34 34 34 1 34 34 34 34 34 1 2 34 34 34 1 2 34 34 34 1 1 11 3 1 1 11 3 1 1 11 3 1 1 12 3 1 1 12 3 1 1 11 3 1 1 11 3 1 1 11 3 1 1 11 3 1 1 11 3 1 21 31 1 22 32 1 23 33 1 24 34 1 25 34 1 11 1 13 1 34 

[ 0.000000 0.037146 ]
[ 0.000000 0.000000 ]

[ 0.000000 0.000000 ]
[ 0.000000 0.000000 ]

[ 0.000000 0.000000 ]
[ 0.000000 0.000000 ]

--------------
1 2 2 2 3 3 3 1 1 1 1 1 1 1 1 1 1 2 34 34 34 34 1 34 34 34 34 34 1 34 34 34 34 34 1 2 34 34 34 1 2 34 34 34 1 1 12 3 1 1 12 3 1 1 12 3 1 1 12 3 1 1 12 3 1 1 11 3 1 1 12 3 1 1 12 3 1 1 12 3 1 1 12 3 1 21 31 1 22 32 1 23 33 1 34 34 1 34 34 1 12 1 13 1 34 
1 2 2 2 3 3 3 1 1 1 1 1 1 1 1 1 1 2 34 15 34 34 1 2 34 34 34 34 1 2 34 34 34 34 1 2 34 34 34 1 2 34 34 34 1 1 11 3 1 1 11 3 1 1 11 3 1 1 11 3 1 1 11 3 1 1 11 3 1 1 11 3 1 1 11 3 1 1 11 3 1 1 11 3 1 21 31 1 22 32 1 23 33 1 24 34 1 25 34 1 11 1 12 1 34 

[ 0.000000 0.037023 ]
[ 0.000000 0.000000 ]

[ 0.000000 0.000000 ]
[ 0.000000 0.000000 ]

[ 0.000000 0.000000 ]
[ 0.000000 0.000000 ]

--------------
1 2 2 2 3 3 3 1 1 1 1 1 1 1 1 1 1 2 34 14 34 34 1 2 34 34 34 34 1 34 34 34 34 34 1 34 34 34 34 1 34 34 34 34 1 1 11 3 1 1 11 3 1 1 11 3 1 1 12 3 1 1 12 3 1 1 11 3 1 1 11 3 1 1 11 3 1 1 11 3 1 1 11 3 1 22 32 1 24 33 1 25 34 1 34 34 1 34 34 1 12 1 13 1 34 
1 2 2 2 3 3 3 1 1 1 1 1 1 1 1 1 1 2 34 14 34 34 1 2 34 34 34 34 1 2 34 34 34 34 1 2 34 34 34 1 34 34 34 34 1 1 11 3 1 1 11 3 1 1 11 3 1 1 11 3 1 1 12 3 1 1 11 3 1 1 11 3 1 1 11 3 1 1 11 3 1 1 11 3 1 21 31 1 22 32 1 23 33 1 24 34 1 34 34 1 11 1 12 1 13 

[ 0.000000 0.036697 ]
[ 0.000000 0.000000 ]

[ 0.000000 0.000000 ]
[ 0.000000 0.000000 ]

[ 0.000000 0.000000 ]
[ 0.000000 0.000000 ]

--------------
1 2 2 2 3 3 3 1 1 1 1 1 1 1 1 1 1 2 34 34 34 34 1 2 34 34 34 34 1 2 34 34 34 34 1 2 34 34 34 1 34 34 34 34 1 1 11 3 1 1 11 3 1 1 11 3 1 1 12 3 1 1 12 3 1 1 11 3 1 1 11 3 1 1 11 3 1 1 11 3 1 1 11 3 1 21 31 1 23 32 1 24 33 1 25 34 1 34 34 1 13 1 34 1 34 
1 2 2 2 3 3 3 1 1 1 1 1 1 1 1 1 1 2 12 34 34 34 1 2 34 34 34 34 1 2 34 34 34 34 1 2 34 34 34 1 2 34 34 34 1 1 11 3 1 1 11 3 1 1 11 3 1 1 13 3 1 1 13 3 1 1 11 3 1 1 12 3 1 1 12 3 1 1 12 3 1 1 12 3 1 21 31 1 22 32 1 23 33 1 24 34 1 25 34 1 11 1 12 1 13 

[ 0.000000 0.036592 ]
[ 0.000000 0.000000 ]

[ 0.000000 0.000000 ]
[ 0.000000 0.000000 ]

[ 0.000000 0.000000 ]
[ 0.000000 0.000000 ]

--------------
1 2 2 2 3 3 3 1 1 1 1 1 1 1 1 1 1 2 34 34 34 34 1 2 34 34 34 34 1 2 34 34 34 34 1 2 34 34 34 1 2 34 34 34 1 1 11 3 1 1 11 3 1 1 13 3 1 1 13 3 1 1 13 3 1 1 11 3 1 1 11 3 1 1 11 3 1 1 11 3 1 1 11 3 1 21 31 1 22 32 1 23 33 1 24 34 1 25 34 1 12 1 13 1 34 
1 2 2 2 3 3 3 1 1 1 1 1 1 1 1 1 1 2 34 34 34 34 1 34 34 34 34 34 1 34 34 34 34 34 1 2 34 34 34 1 2 34 34 34 1 1 11 3 1 1 11 3 1 1 11 3 1 1 12 3 1 1 13 3 1 1 11 3 1 1 11 3 1 1 11 3 1 1 11 3 1 1 11 3 1 21 31 1 22 32 1 23 34 1 24 34 1 25 34 1 12 1 34 1 34 

[ 0.000000 0.036073 ]
[ 0.000000 0.000000 ]

[ 0.000000 0.000000 ]
[ 0.000000 0.000000 ]

[ 0.000000 0.000000 ]
[ 0.000000 0.000000 ]

--------------
1 2 2 2 3 3 3 1 1 1 1 1 1 1 1 1 1 2 13 34 34 34 1 34 34 34 34 34 1 34 34 34 34 34 1 2 34 34 34 1 2 34 34 34 1 1 11 3 1 1 11 3 1 1 11 3 1 1 12 3 1 1 12 3 1 1 11 3 1 1 11 3 1 1 11 3 1 1 11 3 1 1 12 3 1 21 31 1 22 32 1 23 33 1 24 34 1 25 34 1 13 1 34 1 34 
1 2 2 2 3 3 3 1 1 1 1 1 1 1 1 1 1 2 34 34 34 34 1 2 34 34 34 34 1 34 34 34 34 34 1 2 34 34 34 1 2 34 34 34 1 1 11 3 1 1 11 3 1 1 11 3 1 1 11 3 1 1 11 3 1 1 11 3 1 1 11 3 1 1 12 3 1 1 12 3 1 1 13 3 1 21 31 1 22 32 1 23 33 1 24 34 1 25 34 1 11 1 12 1 13 

[ 0.000000 0.035793 ]
[ 0.000000 0.000000 ]

[ 0.000000 0.000000 ]
[ 0.000000 0.000000 ]

[ 0.000000 0.000000 ]
[ 0.000000 0.000000 ]

--------------
1 2 2 2 3 3 3 1 1 1 1 1 1 1 1 1 1 2 34 34 34 34 1 2 34 34 34 34 1 2 34 34 34 34 1 2 34 34 34 1 34 34 34 34 1 1 11 3 1 1 11 3 1 1 11 3 1 1 12 3 1 1 12 3 1 1 11 3 1 1 11 3 1 1 11 3 1 1 11 3 1 1 11 3 1 21 31 1 23 32 1 24 33 1 25 34 1 34 34 1 13 1 34 1 34 
1 2 2 2 3 3 3 1 1 1 1 1 1 1 1 1 1 2 34 15 34 34 1 2 34 34 34 34 1 2 34 34 34 34 1 2 34 34 34 1 2 34 34 34 1 1 11 3 1 1 11 3 1 1 11 3 1 1 12 3 1 1 12 3 1 1 11 3 1 1 11 3 1 1 11 3 1 1 11 3 1 1 11 10 1 21 31 1 22 32 1 23 33 1 24 34 1 25 34 1 11 1 12 1 13 

[ 0.000000 0.035365 ]
[ 0.000000 0.000000 ]

[ 0.000000 0.000000 ]
[ 0.000000 0.000000 ]

[ 0.000000 0.000000 ]
[ 0.000000 0.000000 ]

--------------
1 2 2 2 3 3 3 1 1 1 1 1 1 1 1 1 1 2 34 34 34 34 1 2 34 34 34 34 1 2 34 34 34 34 1 2 34 34 34 1 34 34 34 34 1 1 11 3 1 1 11 3 1 1 11 3 1 1 11 3 1 1 12 3 1 1 11 3 1 1 11 3 1 1 11 3 1 1 11 3 1 1 12 3 1 21 31 1 22 32 1 23 33 1 24 34 1 25 34 1 11 1 13 1 34 
1 2 2 2 3 3 3 1 1 1 1 1 1 1 1 1 1 2 34 34 34 34 1 34 34 34 34 34 1 34 34 34 34 34 1 2 34 34 34 1 34 34 34 34 1 1 11 3 1 1 11 3 1 1 11 3 1 1 11 3 1 1 11 3 1 1 11 3 1 1 11 3 1 1 12 3 1 1 13 3 1 1 13 3 1 21 31 1 23 32 1 24 33 1 25 34 1 34 34 1 11 1 34 1 34 

[ 0.000000 0.035336 ]
[ 0.000000 0.000000 ]

[ 0.000000 0.000000 ]
[ 0.000000 0.000000 ]

[ 0.000000 0.000000 ]
[ 0.000000 0.000000 ]

--------------
1 2 2 2 3 3 3 1 1 1 1 1 1 1 1 1 1 2 34 34 34 34 1 2 34 34 34 34 1 2 34 34 34 34 1 2 34 34 34 1 2 34 34 34 1 1 11 3 1 1 11 3 1 1 12 3 1 1 13 3 1 1 13 3 1 1 11 3 1 1 11 3 1 1 12 3 1 1 13 3 1 1 13 3 1 22 31 1 24 32 1 25 33 1 34 34 1 34 34 1 11 1 13 1 34 
1 2 2 2 3 3 3 1 1 1 1 1 1 1 1 1 1 2 34 34 34 34 1 34 34 34 34 34 1 34 34 34 34 34 1 2 34 34 34 1 2 34 34 34 1 1 11 3 1 1 11 3 1 1 11 3 1 1 12 3 1 1 12 3 1 1 11 3 1 1 11 3 1 1 11 3 1 1 11 3 1 1 11 3 1 21 31 1 22 32 1 23 33 1 24 34 1 25 34 1 12 1 13 1 34 

[ 0.000000 0.033357 ]
[ 0.000000 0.000000 ]

[ 0.000000 0.000000 ]
[ 0.000000 0.000000 ]

[ 0.000000 0.000000 ]
[ 0.000000 0.000000 ]

--------------
1 2 2 2 3 3 3 1 1 1 1 1 1 1 1 1 1 2 34 34 34 34 1 34 34 34 34 34 1 34 34 34 34 34 1 2 34 34 34 1 2 34 34 34 1 1 12 3 1 1 12 3 1 1 12 3 1 1 12 3 1 1 12 3 1 1 11 3 1 1 12 3 1 1 12 3 1 1 12 3 1 1 12 3 1 21 31 1 22 32 1 23 33 1 34 34 1 34 34 1 12 1 13 1 34 
1 2 2 2 3 3 3 1 1 1 1 1 1 1 1 1 1 2 34 34 34 34 1 2 34 34 34 34 1 2 34 34 34 34 1 2 34 34 34 1 2 34 34 34 1 1 11 3 1 1 11 3 1 1 11 3 1 1 11 3 1 1 11 3 1 1 11 3 1 1 11 3 1 1 11 3 1 1 12 3 1 1 12 3 1 21 31 1 22 32 1 23 33 1 24 34 1 25 34 1 12 1 13 1 34 

[ 0.000000 0.031944 ]
[ 0.000000 0.000000 ]

[ 0.000000 0.000000 ]
[ 0.000000 0.000000 ]

[ 0.000000 0.000000 ]
[ 0.000000 0.000000 ]

--------------
1 2 2 2 3 3 3 1 1 1 1 1 1 1 1 1 1 2 34 34 34 34 1 2 34 34 34 34 1 2 34 34 34 34 1 2 34 34 34 1 34 34 34 34 1 1 11 3 1 1 11 3 1 1 11 3 1 1 12 3 1 1 12 3 1 1 11 3 1 1 12 3 1 1 12 3 1 1 12 3 1 1 12 3 1 21 31 1 22 32 1 23 33 1 24 34 1 25 34 1 11 1 12 1 13 
1 2 2 2 3 3 3 1 1 1 1 1 1 1 1 1 1 2 34 34 34 34 1 2 34 34 34 34 1 2 34 34 34 34 1 2 34 34 34 1 2 34 34 34 1 1 11 3 1 1 11 3 1 1 12 3 1 1 12 3 1 1 12 3 1 1 11 3 1 1 11 3 1 1 11 3 1 1 12 3 1 1 13 3 1 21 31 1 22 32 1 25 33 1 34 34 1 34 34 1 12 1 34 1 34 

[ 0.000000 0.031915 ]
[ 0.000000 0.000000 ]

[ 0.000000 0.000000 ]
[ 0.000000 0.000000 ]

[ 0.000000 0.000000 ]
[ 0.000000 0.000000 ]

--------------
1 2 2 2 3 3 3 1 1 1 1 1 1 1 1 1 1 2 12 34 34 34 1 2 34 34 34 34 1 34 34 34 34 34 1 2 34 34 34 1 2 34 34 34 1 1 11 3 1 1 11 3 1 1 12 3 1 1 12 3 1 1 12 3 1 1 11 3 1 1 11 3 1 1 11 3 1 1 11 3 1 1 11 3 1 21 31 1 22 32 1 23 33 1 24 34 1 25 34 1 11 1 12 1 13 
1 2 2 2 3 3 3 1 1 1 1 1 1 1 1 1 1 2 34 34 34 34 1 2 34 34 34 34 1 2 34 34 34 34 1 2 34 34 34 1 2 34 34 34 1 1 11 3 1 1 11 3 1 1 11 3 1 1 11 3 1 1 11 3 1 1 11 3 1 1 11 3 1 1 11 3 1 1 12 3 1 1 12 3 1 21 31 1 22 32 1 23 33 1 24 34 1 25 34 1 12 1 13 1 34 

[ 0.000000 0.031122 ]
[ 0.000000 0.000000 ]

[ 0.000000 0.000000 ]
[ 0.000000 0.000000 ]

[ 0.000000 0.000000 ]
[ 0.000000 0.000000 ]

--------------
1 2 2 2 3 3 3 1 1 1 1 1 1 1 1 1 1 2 34 34 34 34 1 34 34 34 34 34 1 34 34 34 34 34 1 2 34 34 34 1 2 34 34 34 1 1 12 3 1 1 12 3 1 1 12 3 1 1 12 3 1 1 12 3 1 1 11 3 1 1 12 3 1 1 12 3 1 1 12 3 1 1 12 3 1 21 31 1 22 32 1 23 33 1 34 34 1 34 34 1 12 1 13 1 34 
1 2 2 2 3 3 3 1 1 1 1 1 1 1 1 1 1 2 34 34 34 34 1 34 34 34 34 34 1 34 34 34 34 34 1 34 34 34 34 1 34 34 34 34 1 1 11 3 1 1 12 3 1 1 12 3 1 1 12 3 1 1 12 3 1 1 11 3 1 1 11 3 1 1 11 3 1 1 11 3 1 1 11 3 1 21 31 1 22 32 1 23 33 1 24 34 1 25 34 1 11 1 13 1 34 

[ 0.000000 0.031050 ]
[ 0.000000 0.000000 ]

[ 0.000000 0.000000 ]
[ 0.000000 0.000000 ]

[ 0.000000 0.000000 ]
[ 0.000000 0.000000 ]

--------------
1 2 2 2 3 3 3 1 1 1 1 1 1 1 1 1 1 2 13 34 34 34 1 2 34 34 34 34 1 2 34 34 34 34 1 2 34 34 34 1 2 34 34 34 1 1 11 3 1 1 12 3 1 1 12 3 1 1 12 3 1 1 13 3 1 1 11 3 1 1 11 3 1 1 11 3 1 1 11 3 1 1 11 3 1 21 31 1 22 32 1 23 33 1 24 34 1 25 34 1 12 1 13 1 34 
1 2 2 2 3 3 3 1 1 1 1 1 1 1 1 1 1 2 34 34 34 34 1 2 34 34 34 34 1 2 34 34 34 34 1 2 34 34 34 1 34 34 34 34 1 1 11 3 1 1 11 3 1 1 12 3 1 1 13 3 1 1 13 3 1 1 11 3 1 1 11 3 1 1 11 3 1 1 11 3 1 1 11 3 1 21 31 1 23 32 1 24 33 1 25 34 1 34 34 1 11 1 12 1 13 

[ 0.000000 0.031032 ]
[ 0.000000 0.000000 ]

[ 0.000000 0.000000 ]
[ 0.000000 0.000000 ]

[ 0.000000 0.000000 ]
[ 0.000000 0.000000 ]

