--------------
2 2 2 2 2 2 2 2 2 2 2 2 2 2 2 2 2 2 2 2 22 22 22 22 22 22 22 22 22 22 22 22 22 22 22 34 22 22 22 22 0 2 2 0 2 2 0 2 2 0 2 2 0 2 2 0 2 2 0 2 2 0 2 2 0 2 2 0 2 2 0 2 2 0 2 2 0 2 2 0 2 2 0 2 2 0 2 2 0 2 2 0 2 2 0 2 2 0 2 61 
2 2 2 2 2 2 2 2 2 2 2 2 2 2 2 2 2 13 2 2 22 22 22 22 22 22 22 22 22 22 22 22 22 22 22 22 22 22 22 22 0 2 2 0 5 2 0 2 2 0 2 2 0 2 2 0 2 2 0 2 2 0 2 2 0 2 2 0 2 2 0 2 2 0 2 2 0 2 2 0 2 2 0 2 2 0 2 2 0 2 2 0 2 2 0 2 2 0 4 2 

[ 0.000000 0.141152 ]
[ 0.000000 0.000000 ]

[ 0.000000 0.000000 ]
[ 0.000000 0.000000 ]

[ 0.000000 0.000000 ]
[ 0.000000 0.000000 ]

--------------
2 2 2 2 2 2 2 2 2 2 2 2 2 2 2 2 2 2 2 2 22 22 22 22 22 22 22 22 22 22 22 22 22 22 22 22 22 22 22 22 0 2 2 0 2 2 0 2 2 0 2 2 0 2 2 0 2 2 0 2 2 0 2 2 0 2 2 0 2 2 0 42 2 0 2 2 0 2 2 0 2 2 0 2 2 0 2 2 0 2 2 0 2 2 0 2 2 0 3 13 
2 2 2 2 2 2 2 2 2 2 2 2 2 2 2 2 2 2 2 2 22 22 22 22 22 22 22 22 22 22 22 22 22 22 22 22 22 22 22 22 0 2 2 0 2 2 0 2 2 0 2 2 0 2 2 0 2 2 0 2 2 0 2 2 0 2 2 0 2 2 0 2 2 0 2 2 0 2 2 0 2 2 0 2 2 0 2 2 0 2 2 0 2 2 0 2 2 0 3 56 

[ 0.000000 0.137462 ]
[ 0.000000 0.000000 ]

[ 0.000000 0.000000 ]
[ 0.000000 0.000000 ]

[ 0.000000 0.000000 ]
[ 0.000000 0.000000 ]

--------------
2 2 2 2 2 2 2 2 2 2 2 2 2 2 2 2 2 2 2 2 22 22 22 22 22 22 22 22 22 22 22 22 22 22 22 22 22 22 22 22 0 2 2 0 2 2 0 2 2 0 2 2 0 2 2 0 2 2 0 2 2 0 2 2 0 2 2 0 2 2 0 2 2 0 2 2 0 2 2 0 2 2 0 2 2 0 2 2 0 2 2 0 2 2 0 2 2 0 4 3 
2 2 2 2 2 2 2 2 2 2 2 2 2 2 2 2 2 2 2 2 22 22 22 22 22 22 22 22 22 22 22 22 22 22 22 22 22 22 22 22 0 2 2 0 2 2 0 2 2 0 2 2 0 2 2 0 2 2 0 2 2 0 2 2 0 2 2 0 2 2 0 2 2 0 2 2 0 2 2 0 2 2 0 2 2 0 2 2 0 2 2 0 2 2 0 2 2 0 3 62 

[ 0.000000 0.135559 ]
[ 0.000000 0.000000 ]

[ 0.000000 0.000000 ]
[ 0.000000 0.000000 ]

[ 0.000000 0.000000 ]
[ 0.000000 0.000000 ]

--------------
2 2 2 2 2 2 2 2 2 2 2 2 2 2 2 2 2 2 2 2 22 22 22 22 22 22 22 22 22 22 22 22 22 22 22 22 22 34 22 22 0 2 2 0 2 2 0 2 2 0 2 2 0 2 2 0 2 2 0 2 2 0 2 2 0 2 2 0 2 2 0 2 2 0 2 2 0 2 2 0 2 2 0 2 2 0 2 2 0 2 2 0 2 2 0 2 2 0 3 61 
2 2 2 2 2 2 2 2 2 2 2 2 2 2 2 2 2 2 2 2 22 22 22 22 22 22 22 22 22 22 22 22 22 22 22 22 22 22 22 22 0 2 2 0 2 2 0 2 2 0 2 2 0 2 2 0 2 2 0 2 2 0 2 2 0 2 2 0 2 2 0 2 2 0 2 2 0 2 2 0 2 2 0 2 2 0 2 2 0 2 2 0 2 2 0 2 2 0 4 2 

[ 0.000000 0.135311 ]
[ 0.000000 0.000000 ]

[ 0.000000 0.000000 ]
[ 0.000000 0.000000 ]

[ 0.000000 0.000000 ]
[ 0.000000 0.000000 ]

--------------
2 2 2 2 2 2 2 2 2 2 2 2 2 2 2 2 2 2 2 2 22 22 22 22 22 22 22 22 22 22 22 22 22 22 22 22 22 22 22 22 0 2 2 0 2 2 0 2 2 0 2 2 0 2 2 0 2 2 0 2 2 0 2 2 0 2 2 0 2 2 0 2 2 0 2 42 0 2 2 0 2 2 0 2 2 0 2 2 0 2 2 0 2 2 0 2 2 0 4 10 
2 2 2 2 2 2 2 2 2 2 2 2 2 2 2 2 2 2 2 2 22 22 22 22 22 22 22 22 22 22 22 22 22 22 22 22 22 22 22 22 0 2 2 0 2 2 0 2 2 0 2 2 0 2 2 0 2 2 0 2 2 0 2 2 0 4 2 0 2 2 0 2 2 0 2 2 0 2 2 0 2 2 0 2 2 0 2 2 0 2 2 0 2 2 0 2 2 0 3 50 

[ 0.000000 0.132015 ]
[ 0.000000 0.000000 ]

[ 0.000000 0.000000 ]
[ 0.000000 0.000000 ]

[ 0.000000 0.000000 ]
[ 0.000000 0.000000 ]

--------------
2 2 2 2 2 2 2 2 2 2 2 2 2 2 2 2 2 2 2 2 22 22 22 22 22 22 22 22 22 22 22 22 22 22 22 22 22 22 22 22 0 2 2 0 2 2 0 2 2 0 2 2 0 2 2 0 2 2 0 2 2 0 2 2 0 2 2 0 2 2 0 2 2 0 2 2 0 2 2 0 2 2 0 2 2 0 2 2 0 2 2 0 2 2 0 2 2 0 2 59 
2 2 2 2 2 2 2 2 2 2 2 2 2 2 2 2 2 2 2 2 22 22 22 22 22 22 22 22 22 22 22 22 22 22 22 22 22 22 22 22 0 2 2 0 2 2 0 2 2 0 2 2 0 2 2 0 2 2 0 2 2 0 2 2 0 2 2 0 2 2 0 2 2 0 2 2 0 2 2 0 2 2 0 2 2 0 2 2 0 2 2 0 2 2 0 2 2 0 4 2 

[ 0.000000 0.129788 ]
[ 0.000000 0.000000 ]

[ 0.000000 0.000000 ]
[ 0.000000 0.000000 ]

[ 0.000000 0.000000 ]
[ 0.000000 0.000000 ]

--------------
2 2 2 2 2 2 2 2 2 2 2 2 2 2 2 2 18 2 2 2 22 22 22 22 22 22 22 22 22 22 22 22 22 22 22 22 22 35 22 22 0 2 2 0 2 2 0 2 2 0 2 2 0 2 2 0 2 2 0 2 2 0 2 2 0 2 2 0 2 2 0 2 2 0 2 2 0 2 2 0 2 2 0 2 2 0 2 2 0 2 2 0 2 2 0 2 2 0 2 2 
2 2 2 2 2 2 2 2 2 2 2 2 2 2 2 2 2 2 2 2 22 22 22 22 22 22 22 22 22 22 22 22 22 22 22 22 22 22 22 22 0 2 2 0 2 2 0 2 2 0 2 2 0 2 2 0 2 2 0 2 2 0 2 2 0 2 2 0 2 2 0 2 2 0 2 2 0 2 2 0 2 2 0 2 2 0 2 2 0 2 2 0 2 2 0 2 2 0 2 53 

[ 0.000000 0.125277 ]
[ 0.000000 0.000000 ]

[ 0.000000 0.000000 ]
[ 0.000000 0.000000 ]

[ 0.000000 0.000000 ]
[ 0.000000 0.000000 ]

--------------
2 2 2 2 2 2 2 2 2 2 2 2 2 2 2 2 2 2 2 2 22 22 22 22 22 22 22 22 22 22 22 22 22 22 22 22 22 22 22 22 0 2 2 0 2 2 0 2 2 0 2 2 0 2 2 0 2 2 0 2 2 0 2 2 0 2 2 0 2 2 0 2 2 0 2 2 0 2 2 0 2 2 0 2 2 0 2 2 0 2 2 0 2 2 0 9 2 0 2 61 
2 2 2 2 2 2 2 2 2 2 2 2 2 2 2 2 2 2 2 2 22 22 22 22 22 22 22 22 22 22 22 22 22 22 22 22 22 22 22 22 0 2 2 0 2 2 0 2 2 0 2 2 0 2 2 0 2 2 0 2 2 0 2 2 0 2 2 0 2 2 0 2 2 0 2 2 0 2 2 0 2 2 0 2 2 0 2 2 0 2 2 0 2 2 0 2 2 0 4 6 

[ 0.000000 0.118873 ]
[ 0.000000 0.000000 ]

[ 0.000000 0.000000 ]
[ 0.000000 0.000000 ]

[ 0.000000 0.000000 ]
[ 0.000000 0.000000 ]

--------------
2 2 2 2 2 2 2 2 2 2 2 2 2 2 2 2 2 2 2 2 22 22 22 22 22 22 22 22 22 22 22 22 22 22 22 22 22 22 22 22 0 2 2 0 2 2 0 2 2 0 2 2 0 2 2 0 2 2 0 2 2 0 2 2 0 2 2 0 2 2 0 2 2 0 2 2 0 2 2 0 2 2 0 2 2 0 2 2 0 2 2 0 2 2 0 2 2 0 2 2 
2 2 2 2 2 2 2 2 2 2 2 2 2 2 2 2 2 2 2 2 22 22 22 22 22 22 22 22 22 22 22 22 22 22 22 22 22 22 22 22 0 2 2 0 2 2 0 2 2 0 2 2 0 2 2 0 2 2 0 2 2 0 2 2 0 2 2 0 2 2 0 2 2 0 2 2 0 2 2 0 2 2 0 2 2 0 2 2 0 2 2 0 2 2 0 2 2 0 3 56 

[ 0.000000 0.118701 ]
[ 0.000000 0.000000 ]

[ 0.000000 0.000000 ]
[ 0.000000 0.000000 ]

[ 0.000000 0.000000 ]
[ 0.000000 0.000000 ]

--------------
2 2 2 2 2 2 2 2 2 2 2 2 2 2 2 2 2 2 2 2 22 22 22 22 22 22 22 22 22 22 22 22 22 22 22 22 22 22 22 22 0 2 2 0 2 2 0 2 2 0 2 2 0 2 2 0 2 2 0 2 2 0 2 2 0 2 2 0 2 2 0 2 2 0 2 2 0 2 2 0 2 2 0 2 2 0 2 2 0 2 2 0 2 2 0 2 2 0 2 57 
2 2 2 2 2 2 2 2 2 2 2 2 2 2 2 2 2 2 2 2 22 22 22 22 22 22 22 22 22 22 22 22 22 22 22 33 22 22 22 22 0 2 2 0 2 2 0 2 2 0 2 2 0 2 2 0 2 2 0 2 2 0 2 2 0 2 2 0 2 2 0 2 2 0 2 2 0 2 2 0 2 2 0 2 2 0 2 2 0 2 2 0 2 2 0 2 2 0 2 4 

[ 0.000000 0.118181 ]
[ 0.000000 0.000000 ]

[ 0.000000 0.000000 ]
[ 0.000000 0.000000 ]

[ 0.000000 0.000000 ]
[ 0.000000 0.000000 ]

--------------
2 2 2 2 2 2 2 2 2 2 2 2 2 2 2 2 2 2 2 2 22 22 22 22 22 22 22 22 22 22 22 22 22 22 22 22 22 22 22 22 0 2 2 0 2 2 0 2 2 0 2 2 0 2 2 0 2 2 0 2 2 0 2 2 0 2 2 0 2 2 0 2 2 0 2 2 0 2 2 0 2 2 0 2 2 0 2 2 0 2 2 0 2 2 0 2 2 0 2 61 
2 2 2 2 2 2 2 2 2 2 2 2 2 2 2 2 2 2 2 2 22 22 22 22 22 22 22 22 22 22 22 22 22 22 22 22 22 22 22 22 0 2 2 0 2 2 0 2 2 0 2 2 0 2 2 0 2 2 0 2 2 0 2 2 0 2 2 0 2 2 0 2 2 0 2 2 0 2 2 0 2 2 0 2 2 0 2 2 0 2 2 0 2 2 0 2 2 0 4 6 

[ 0.000000 0.117590 ]
[ 0.000000 0.000000 ]

[ 0.000000 0.000000 ]
[ 0.000000 0.000000 ]

[ 0.000000 0.000000 ]
[ 0.000000 0.000000 ]

--------------
2 2 2 2 2 2 2 2 2 2 2 2 2 2 2 2 2 2 2 2 22 22 22 22 22 22 22 22 22 22 22 22 22 22 22 22 22 22 22 22 0 2 2 0 2 2 0 2 2 0 2 2 0 2 2 0 2 2 0 2 2 0 2 2 0 2 2 0 2 2 0 2 2 0 2 2 0 2 2 0 2 2 0 2 2 0 2 2 0 2 2 0 2 2 0 2 2 0 2 61 
2 2 2 2 2 2 2 2 2 2 2 2 2 2 2 2 2 2 2 2 22 22 22 22 22 22 22 22 22 22 22 22 22 22 22 22 22 22 22 22 0 2 2 0 2 2 0 2 2 0 2 2 0 2 2 0 2 2 0 2 2 0 2 2 0 2 2 0 2 2 0 2 2 0 2 2 0 2 2 0 2 2 0 2 2 0 2 2 0 2 2 0 2 2 0 2 2 0 4 6 

[ 0.000000 0.117590 ]
[ 0.000000 0.000000 ]

[ 0.000000 0.000000 ]
[ 0.000000 0.000000 ]

[ 0.000000 0.000000 ]
[ 0.000000 0.000000 ]

--------------
2 2 2 2 2 2 2 2 2 2 2 2 2 2 2 2 2 2 2 2 22 22 22 22 22 22 22 22 22 22 22 22 22 22 22 22 22 22 22 22 0 2 2 0 2 2 0 2 2 0 2 2 0 2 2 0 2 2 0 2 2 0 2 2 0 2 2 0 2 2 0 2 2 0 2 2 0 2 2 0 2 2 0 2 2 0 2 2 0 2 2 0 2 2 0 2 2 0 2 8 
2 2 2 2 2 2 2 2 2 2 2 2 2 2 2 2 2 2 2 2 22 22 22 22 22 22 22 22 22 22 22 22 22 22 22 22 22 22 22 22 0 2 2 0 2 2 0 2 2 0 2 2 0 2 2 0 2 2 0 2 2 0 2 2 0 2 2 0 2 2 0 2 2 0 2 2 0 2 2 0 2 2 0 2 2 0 2 2 0 2 2 0 2 2 0 2 2 0 3 62 

[ 0.000000 0.111486 ]
[ 0.000000 0.000000 ]

[ 0.000000 0.000000 ]
[ 0.000000 0.000000 ]

[ 0.000000 0.000000 ]
[ 0.000000 0.000000 ]

--------------
2 2 2 2 2 2 2 2 2 2 2 2 2 2 2 2 2 2 2 2 22 22 22 22 22 22 22 22 22 22 22 22 22 22 22 22 22 22 22 22 0 2 2 0 2 2 0 2 2 0 2 2 0 2 2 0 2 2 0 2 2 0 2 2 0 2 2 0 2 2 0 2 2 0 2 2 0 2 2 0 2 2 0 2 2 0 2 2 0 2 2 0 2 2 0 2 2 0 2 59 
2 2 2 2 2 2 2 2 2 2 2 2 2 2 2 2 2 2 2 2 22 22 22 22 22 22 22 22 22 22 22 22 22 22 22 22 22 22 22 22 0 2 2 0 2 2 0 2 2 0 2 2 0 2 2 0 2 2 0 2 2 0 2 2 0 2 2 0 2 2 0 2 2 0 2 2 0 2 2 0 2 2 0 2 2 0 2 2 0 2 2 0 2 2 0 2 2 0 4 6 

[ 0.000000 0.110760 ]
[ 0.000000 0.000000 ]

[ 0.000000 0.000000 ]
[ 0.000000 0.000000 ]

[ 0.000000 0.000000 ]
[ 0.000000 0.000000 ]

--------------
2 2 2 2 2 2 2 2 2 2 2 2 2 2 2 2 2 2 2 2 22 22 22 22 22 22 22 22 22 22 22 22 22 22 22 22 22 22 22 22 0 2 2 0 2 2 0 2 2 0 2 2 0 2 2 0 2 2 0 2 2 0 2 2 0 2 2 0 2 2 0 2 2 0 2 2 0 2 2 0 2 2 0 2 2 0 2 2 0 2 2 0 2 2 0 2 2 0 2 59 
2 2 2 2 2 2 2 2 2 2 2 2 2 2 2 2 2 2 2 2 22 22 22 22 22 22 22 22 22 22 22 22 22 22 35 22 22 22 22 22 0 2 2 0 2 2 0 2 2 0 2 2 0 2 2 0 2 2 0 2 2 0 2 2 0 2 2 0 2 2 0 2 2 0 2 2 0 2 2 0 2 2 0 2 2 0 2 2 0 2 2 0 2 2 0 2 2 0 3 9 

[ 0.000000 0.105180 ]
[ 0.000000 0.000000 ]

[ 0.000000 0.000000 ]
[ 0.000000 0.000000 ]

[ 0.000000 0.000000 ]
[ 0.000000 0.000000 ]

--------------
2 2 2 2 2 2 2 2 2 2 2 2 2 2 2 2 2 2 2 2 22 22 22 22 22 22 22 22 22 22 22 22 22 22 22 22 22 22 22 22 0 2 2 0 2 2 0 2 2 0 2 2 0 2 2 0 2 2 0 2 2 0 2 2 0 2 2 0 2 2 0 2 2 0 2 2 0 2 2 0 2 2 0 2 2 0 2 2 0 2 2 0 2 2 0 2 2 0 3 61 
2 2 2 2 2 2 2 2 2 2 2 2 2 2 2 2 2 2 2 2 22 22 22 22 22 22 22 22 22 22 22 22 22 22 22 22 22 22 22 22 0 2 2 0 2 2 0 2 2 0 2 2 0 2 2 0 2 2 0 2 2 0 2 2 0 2 2 0 2 2 0 2 2 0 2 2 0 2 2 0 2 2 0 2 2 0 2 2 0 2 2 0 2 2 0 2 2 0 3 9 

[ 0.000000 0.103678 ]
[ 0.000000 0.000000 ]

[ 0.000000 0.000000 ]
[ 0.000000 0.000000 ]

[ 0.000000 0.000000 ]
[ 0.000000 0.000000 ]

--------------
2 2 2 2 2 2 2 2 2 2 2 2 2 2 2 2 2 2 2 2 22 22 22 22 22 22 22 22 22 22 22 22 22 22 22 22 22 22 22 22 0 2 2 0 2 2 0 2 2 0 2 2 0 2 2 0 2 2 0 2 2 0 2 2 0 2 2 0 2 2 0 2 2 0 2 2 0 2 2 0 2 2 0 2 2 0 2 2 0 2 2 0 2 2 0 2 2 0 3 3 
2 2 2 2 2 2 2 2 2 2 2 2 2 2 2 2 2 2 2 2 22 22 22 22 22 22 22 22 22 22 22 22 22 22 22 22 22 22 22 22 0 2 2 0 2 2 0 2 2 0 2 2 0 2 2 0 2 2 0 2 2 0 2 2 0 2 2 0 2 2 0 2 2 0 2 2 0 2 2 0 2 2 0 2 2 0 2 2 0 2 2 0 2 2 0 2 2 0 2 53 

[ 0.000000 0.103547 ]
[ 0.000000 0.000000 ]

[ 0.000000 0.000000 ]
[ 0.000000 0.000000 ]

[ 0.000000 0.000000 ]
[ 0.000000 0.000000 ]

--------------
2 2 2 2 2 2 2 2 2 2 2 2 2 2 2 2 2 2 2 2 22 22 22 22 22 22 22 22 22 22 22 22 22 22 22 22 22 22 22 22 0 2 2 0 2 2 0 2 2 0 2 2 0 2 2 0 2 2 0 2 2 0 2 2 0 2 2 0 2 2 0 2 2 0 2 2 0 2 2 0 2 2 0 2 2 0 2 2 0 2 2 0 2 2 0 2 2 0 2 56 
2 2 2 2 2 2 2 2 2 2 2 2 2 2 2 2 2 2 2 2 22 22 22 22 22 22 22 22 22 22 22 22 22 22 22 22 22 22 22 22 0 2 2 0 2 2 0 2 2 0 2 2 0 2 2 0 2 2 0 2 2 0 2 2 0 2 2 0 2 2 0 2 2 0 2 2 0 2 2 0 2 2 0 2 2 0 2 2 0 2 2 0 2 2 0 2 2 0 4 6 

[ 0.000000 0.100663 ]
[ 0.000000 0.000000 ]

[ 0.000000 0.000000 ]
[ 0.000000 0.000000 ]

[ 0.000000 0.000000 ]
[ 0.000000 0.000000 ]

--------------
2 2 2 2 2 2 2 2 2 2 2 2 2 2 2 2 2 2 2 2 22 22 22 22 22 22 22 22 22 22 22 22 22 22 22 22 22 22 22 22 0 2 2 0 2 2 0 2 2 0 2 2 0 2 2 0 2 2 0 2 2 0 2 2 0 2 2 0 2 2 0 2 2 0 2 2 0 2 2 0 2 2 0 2 2 0 2 2 0 2 2 0 2 2 0 2 2 0 2 57 
2 2 2 2 2 2 2 2 2 2 2 2 2 2 2 2 2 2 2 2 22 22 22 22 22 22 22 22 22 22 22 22 22 22 22 22 22 22 22 22 0 2 2 0 2 2 0 2 2 0 2 2 0 2 2 0 2 2 0 2 2 0 2 2 0 2 2 0 2 2 0 2 2 0 2 2 0 2 2 0 2 2 0 2 2 0 2 2 0 2 2 0 2 2 0 2 2 0 3 7 

[ 0.000000 0.099476 ]
[ 0.000000 0.000000 ]

[ 0.000000 0.000000 ]
[ 0.000000 0.000000 ]

[ 0.000000 0.000000 ]
[ 0.000000 0.000000 ]

--------------
2 2 2 2 2 2 2 2 2 2 2 2 2 2 2 2 2 2 2 2 22 22 22 22 22 22 22 22 22 22 22 22 22 22 22 22 22 22 22 22 0 2 2 0 2 2 0 2 2 0 2 2 0 2 2 0 2 2 0 2 2 0 2 2 0 2 2 0 2 2 0 2 2 0 2 2 0 2 2 0 2 2 0 2 2 0 2 2 0 2 2 0 2 2 0 2 2 0 4 4 
2 2 2 2 2 2 2 2 2 2 2 2 2 2 2 2 2 2 2 2 22 22 22 22 22 22 22 22 22 22 22 22 22 22 22 22 22 22 22 22 0 2 2 0 2 2 0 2 2 0 2 2 0 2 2 0 2 2 0 2 2 0 2 2 0 2 2 0 2 2 0 2 2 0 2 2 0 2 2 0 2 2 0 2 2 0 2 2 0 2 2 0 2 2 0 2 2 0 3 53 

[ 0.000000 0.099110 ]
[ 0.000000 0.000000 ]

[ 0.000000 0.000000 ]
[ 0.000000 0.000000 ]

[ 0.000000 0.000000 ]
[ 0.000000 0.000000 ]

--------------
2 2 2 2 2 2 2 2 2 2 2 2 2 2 2 2 2 2 2 2 22 22 22 22 22 22 22 22 22 22 22 22 22 22 22 22 22 22 22 22 0 2 2 0 2 2 0 2 2 0 2 2 0 2 2 0 2 2 0 2 2 0 2 2 0 2 2 0 2 2 0 2 2 0 2 2 0 2 2 0 2 2 0 2 2 0 2 2 0 2 2 0 2 2 0 2 2 0 2 56 
2 2 2 2 2 2 2 2 2 2 2 2 2 2 2 2 2 2 2 2 22 22 22 22 22 22 22 22 22 22 22 22 22 22 22 22 22 22 22 22 0 2 2 0 2 2 0 2 2 0 2 2 0 2 2 0 2 2 0 2 2 0 2 2 0 2 2 0 2 2 0 2 2 0 2 2 0 2 2 0 2 2 0 2 2 0 2 2 0 2 2 0 2 2 0 2 2 0 2 7 

[ 0.000000 0.096148 ]
[ 0.000000 0.000000 ]

[ 0.000000 0.000000 ]
[ 0.000000 0.000000 ]

[ 0.000000 0.000000 ]
[ 0.000000 0.000000 ]

--------------
2 2 2 2 2 2 2 2 2 2 2 2 2 2 2 2 2 2 2 2 22 22 22 22 22 22 22 22 22 22 22 22 22 22 22 22 22 22 22 22 0 2 2 0 2 2 0 2 2 0 2 2 0 2 2 0 2 2 0 2 2 0 2 2 0 2 2 0 2 2 0 2 2 0 2 2 0 2 2 0 2 2 0 2 2 0 2 2 0 2 2 0 2 2 0 2 2 0 4 3 
2 2 2 2 2 2 2 2 2 2 2 2 2 2 20 2 2 2 2 2 22 22 22 22 22 22 22 22 22 22 22 22 22 22 22 22 22 22 22 22 0 2 2 0 2 2 0 2 2 0 2 2 0 2 2 0 2 2 0 2 2 0 2 2 0 2 2 0 2 2 0 2 2 0 2 2 0 2 2 0 2 2 0 2 2 0 2 2 0 2 2 0 2 2 0 2 2 0 2 45 

[ 0.000000 0.088615 ]
[ 0.000000 0.000000 ]

[ 0.000000 0.000000 ]
[ 0.000000 0.000000 ]

[ 0.000000 0.000000 ]
[ 0.000000 0.000000 ]

--------------
2 2 2 2 2 2 2 2 2 2 2 2 2 2 2 2 2 2 2 2 22 22 22 22 22 22 22 22 22 22 22 22 22 22 22 22 22 22 22 22 0 2 2 0 2 2 0 2 2 0 2 2 0 2 2 0 2 2 0 2 2 0 2 2 0 2 2 0 2 2 0 2 2 0 2 2 0 2 2 0 2 2 0 2 2 0 2 2 0 2 2 0 2 2 0 2 2 0 2 48 
2 2 2 2 2 2 2 2 2 2 2 2 2 2 2 2 2 2 2 2 22 22 22 22 22 22 22 22 22 22 22 22 22 22 22 22 22 22 22 22 0 2 2 0 2 2 0 2 2 0 2 2 0 2 2 0 2 2 0 2 2 0 2 2 0 2 2 0 2 2 0 2 2 0 2 2 0 2 2 0 2 2 0 2 2 0 2 2 0 2 2 0 2 2 0 2 2 0 2 4 

[ 0.000000 0.082489 ]
[ 0.000000 0.000000 ]

[ 0.000000 0.000000 ]
[ 0.000000 0.000000 ]

[ 0.000000 0.000000 ]
[ 0.000000 0.000000 ]

--------------
2 2 2 2 2 2 2 2 2 2 2 2 2 2 2 2 2 2 2 2 22 22 22 22 22 22 22 22 22 22 22 22 22 22 22 22 22 22 22 22 0 2 2 0 2 2 0 2 2 0 2 2 0 2 2 0 2 2 0 2 2 0 2 2 0 2 2 0 2 2 0 2 2 0 2 2 0 2 2 0 2 2 0 2 2 0 2 2 0 2 2 0 2 2 0 2 2 0 4 11 
2 2 2 2 2 2 2 2 2 2 2 2 2 2 2 2 2 2 2 2 22 30 22 22 22 22 22 22 22 22 22 22 22 22 22 22 22 22 22 22 0 2 2 0 2 2 0 2 2 0 2 2 0 2 2 0 2 2 0 2 2 0 2 2 0 2 2 0 2 2 0 2 2 0 2 2 0 2 2 0 2 2 0 2 2 0 2 2 0 2 2 0 2 2 0 2 2 0 2 55 

[ 0.000000 0.076348 ]
[ 0.000000 0.000000 ]

[ 0.000000 0.000000 ]
[ 0.000000 0.000000 ]

[ 0.000000 0.000000 ]
[ 0.000000 0.000000 ]

--------------
2 2 2 2 2 2 2 2 2 2 2 2 2 2 2 2 2 2 2 2 22 22 22 22 22 22 22 22 22 22 22 22 22 22 22 22 22 22 22 22 0 2 2 0 2 2 0 2 2 0 2 2 0 2 2 0 2 2 0 2 2 0 2 2 0 2 2 0 2 2 0 2 2 0 2 2 0 2 2 0 2 2 0 2 2 0 2 2 0 2 2 0 2 2 0 2 2 0 2 48 
2 2 2 2 2 2 2 2 2 2 2 2 2 2 2 2 2 2 2 2 22 22 22 22 22 22 22 22 22 22 22 22 22 22 22 22 22 22 22 22 0 2 2 0 2 2 0 2 2 0 2 2 0 2 2 0 2 2 0 2 2 0 2 2 0 2 2 0 2 2 0 2 2 0 2 2 0 2 2 0 2 2 0 2 2 0 2 2 0 2 2 0 2 2 0 2 2 0 3 7 

[ 0.000000 0.071012 ]
[ 0.000000 0.000000 ]

[ 0.000000 0.000000 ]
[ 0.000000 0.000000 ]

[ 0.000000 0.000000 ]
[ 0.000000 0.000000 ]

--------------
2 2 2 2 2 2 2 2 2 2 2 2 2 2 2 2 2 2 2 2 22 22 22 22 22 22 22 22 22 22 22 22 22 22 22 22 22 22 22 22 0 2 2 0 2 2 0 2 2 0 2 2 0 2 2 0 2 2 0 2 2 0 2 2 0 2 2 0 2 2 0 2 2 0 2 2 0 2 2 0 2 2 0 2 2 0 2 2 0 2 2 0 2 2 0 2 2 0 2 19 
2 2 2 2 2 2 2 2 2 2 2 2 2 2 2 2 2 2 2 2 22 22 22 22 22 22 22 22 22 22 22 22 22 22 22 22 22 22 22 22 0 2 2 0 2 2 0 2 2 0 2 2 0 2 2 0 2 2 0 2 2 0 2 2 0 2 2 0 2 2 0 2 2 0 2 2 0 2 2 0 2 2 0 2 2 0 2 2 0 2 2 0 2 2 0 2 2 0 42 17 

[ 0.000000 0.069432 ]
[ 0.000000 0.000000 ]

[ 0.000000 0.000000 ]
[ 0.000000 0.000000 ]

[ 0.000000 0.000000 ]
[ 0.000000 0.000000 ]

--------------
2 2 2 2 2 2 2 2 2 2 2 2 2 2 2 2 2 2 2 2 22 22 22 22 22 22 22 22 22 22 22 22 22 22 22 22 22 22 22 22 0 2 2 0 2 2 0 2 2 0 2 2 0 2 2 0 2 2 0 2 2 0 2 2 0 2 2 0 2 2 0 2 2 0 2 2 0 2 2 0 2 2 0 2 2 0 2 2 0 2 2 0 2 2 0 2 2 0 2 42 
2 2 2 2 2 2 2 2 2 2 2 2 2 2 2 2 2 2 2 2 22 22 22 22 22 22 22 22 22 22 22 22 22 22 22 22 22 22 22 22 0 2 2 0 2 2 0 2 2 0 2 2 0 2 2 0 2 2 0 2 2 0 2 2 0 2 2 0 2 2 0 2 2 0 2 2 0 2 2 0 2 2 0 2 2 0 2 2 0 2 2 0 2 2 0 2 2 0 2 3 

[ 0.000000 0.067318 ]
[ 0.000000 0.000000 ]

[ 0.000000 0.000000 ]
[ 0.000000 0.000000 ]

[ 0.000000 0.000000 ]
[ 0.000000 0.000000 ]

--------------
2 2 2 2 2 2 2 2 2 2 2 2 2 2 2 2 2 2 2 2 22 22 22 22 22 22 22 22 22 22 22 22 22 22 22 22 22 22 22 22 0 2 2 0 2 2 0 2 2 0 2 2 0 2 2 0 2 2 0 2 2 0 2 2 0 2 2 0 2 2 0 2 2 0 2 2 0 2 2 0 2 2 0 2 2 0 2 2 0 2 2 0 2 2 0 2 2 0 2 13 
2 2 2 2 2 2 2 2 2 2 2 2 2 2 2 2 2 2 2 2 22 22 22 22 22 22 22 22 22 22 22 22 22 22 22 22 22 22 22 22 0 2 2 0 2 2 0 2 2 0 2 2 0 2 2 0 2 2 0 2 2 0 2 2 0 2 2 0 2 2 0 2 2 0 2 2 0 2 2 0 2 2 0 2 2 0 2 2 0 2 2 0 2 2 0 2 2 0 3 54 

[ 0.000000 0.066628 ]
[ 0.000000 0.000000 ]

[ 0.000000 0.000000 ]
[ 0.000000 0.000000 ]

[ 0.000000 0.000000 ]
[ 0.000000 0.000000 ]

--------------
2 2 2 2 2 2 2 2 2 2 2 2 2 2 2 2 2 2 2 2 22 22 22 22 22 22 22 22 22 22 22 22 22 22 22 22 22 22 22 22 0 2 2 0 2 2 0 2 2 0 2 2 0 2 2 0 2 2 0 2 2 0 2 2 0 2 2 0 2 2 0 2 2 0 2 13 0 2 2 0 2 2 0 2 2 0 2 2 0 2 2 0 2 2 0 2 2 0 2 62 
2 2 2 2 2 2 2 2 2 2 2 2 2 2 2 2 2 2 2 2 22 22 22 22 22 22 22 22 22 22 22 22 22 22 22 22 22 22 22 22 0 2 2 0 2 2 0 2 2 0 2 2 0 2 2 0 2 2 0 2 2 0 2 2 0 2 2 0 2 2 0 2 2 0 2 2 0 2 2 0 2 2 0 2 2 0 2 2 0 2 2 0 2 2 0 2 2 0 3 21 

[ 0.000000 0.064111 ]
[ 0.000000 0.000000 ]

[ 0.000000 0.000000 ]
[ 0.000000 0.000000 ]

[ 0.000000 0.000000 ]
[ 0.000000 0.000000 ]

--------------
2 2 2 2 2 2 2 2 2 2 2 2 2 2 2 2 2 2 2 2 22 22 22 22 22 22 22 22 22 22 22 22 22 22 22 22 22 22 22 22 0 2 2 0 2 2 0 2 2 0 2 2 0 2 2 0 2 2 0 2 2 0 2 2 0 2 2 0 2 2 0 2 2 0 2 2 0 2 2 0 2 2 0 2 2 0 2 2 0 2 2 0 2 2 0 2 2 0 3 13 
2 2 2 2 2 2 2 2 2 2 2 2 2 2 2 2 2 2 2 2 22 22 22 22 22 22 22 22 22 22 22 22 22 22 22 22 22 22 22 22 0 2 2 0 2 2 0 2 2 0 2 2 0 2 2 0 2 2 0 2 2 0 2 2 0 2 2 0 2 2 0 2 2 0 2 2 0 2 2 0 2 2 0 2 2 0 2 2 0 2 2 0 2 2 0 2 2 0 2 53 

[ 0.000000 0.063909 ]
[ 0.000000 0.000000 ]

[ 0.000000 0.000000 ]
[ 0.000000 0.000000 ]

[ 0.000000 0.000000 ]
[ 0.000000 0.000000 ]

--------------
2 2 2 2 2 2 2 2 2 2 2 2 2 2 2 2 2 2 2 2 22 22 22 22 22 22 22 22 22 22 22 22 22 22 22 22 22 22 22 22 0 2 2 0 2 2 0 2 2 0 2 2 0 2 2 0 2 2 0 2 2 0 2 2 0 2 2 0 2 2 0 2 2 0 2 2 0 2 2 0 2 2 0 2 2 0 2 2 0 2 2 0 2 2 0 2 2 0 3 51 
2 2 2 2 2 2 2 2 2 2 2 2 2 2 2 2 2 2 2 2 22 22 22 22 22 22 22 22 22 22 22 22 22 22 22 22 22 22 22 22 0 2 2 0 2 2 0 2 2 0 2 2 0 2 2 0 2 2 0 2 2 0 2 2 0 2 2 0 2 2 0 2 2 0 2 2 0 2 2 0 2 2 0 2 2 0 2 2 0 2 2 0 2 2 0 2 2 0 4 12 

[ 0.000000 0.061831 ]
[ 0.000000 0.000000 ]

[ 0.000000 0.000000 ]
[ 0.000000 0.000000 ]

[ 0.000000 0.000000 ]
[ 0.000000 0.000000 ]

--------------
2 2 2 2 2 2 2 2 2 2 2 2 2 2 2 2 2 2 2 2 22 22 22 22 22 22 22 22 22 22 22 22 22 22 22 22 22 22 22 22 0 2 2 0 2 2 0 2 2 0 2 2 0 2 2 0 2 2 0 2 2 0 2 2 0 2 2 0 2 2 0 2 2 0 2 2 0 2 2 0 2 2 0 2 2 0 2 2 0 2 2 0 2 2 0 2 2 0 4 16 
2 2 2 2 2 2 2 2 2 2 2 2 2 2 2 2 2 2 2 2 22 22 22 22 22 22 22 22 22 22 22 22 22 22 22 22 22 22 22 22 0 2 2 0 2 2 0 2 2 0 2 2 0 2 2 0 2 2 0 2 2 0 2 2 0 2 2 0 2 2 0 2 2 0 2 2 0 2 2 0 2 2 0 2 2 0 2 2 0 2 2 0 2 2 0 2 2 0 3 56 

[ 0.000000 0.061690 ]
[ 0.000000 0.000000 ]

[ 0.000000 0.000000 ]
[ 0.000000 0.000000 ]

[ 0.000000 0.000000 ]
[ 0.000000 0.000000 ]

--------------
2 2 2 2 2 2 2 2 2 2 2 2 2 2 2 2 2 2 2 2 22 22 22 22 22 22 22 22 22 22 22 22 22 22 22 22 22 22 22 22 0 2 2 0 2 2 0 2 2 0 2 2 0 2 2 0 2 2 0 2 2 0 2 2 0 2 2 0 2 2 0 2 2 0 2 2 0 2 2 0 2 2 0 2 2 0 2 2 0 2 2 0 2 2 0 2 2 0 4 15 
2 2 2 2 2 2 2 2 2 2 2 2 2 2 2 2 2 2 2 2 22 22 22 22 22 22 22 22 22 22 22 22 22 22 22 22 22 22 22 22 0 2 2 0 2 2 0 2 2 0 2 2 0 2 2 0 2 2 0 2 2 0 2 2 0 2 2 0 2 2 0 2 2 0 2 2 0 2 2 0 2 2 0 2 2 0 2 2 0 2 2 0 2 2 0 13 2 0 2 53 

[ 0.000000 0.061446 ]
[ 0.000000 0.000000 ]

[ 0.000000 0.000000 ]
[ 0.000000 0.000000 ]

[ 0.000000 0.000000 ]
[ 0.000000 0.000000 ]

--------------
2 2 2 2 2 2 2 2 2 2 2 2 2 2 2 2 2 2 2 2 22 22 22 22 22 22 22 22 22 22 22 22 22 22 22 22 22 22 22 22 0 2 2 0 2 2 0 2 2 0 2 2 0 2 2 0 2 2 0 2 2 0 2 2 0 2 2 0 2 2 0 2 2 0 2 2 0 2 2 0 2 2 0 2 2 0 2 2 0 2 2 0 2 2 0 2 2 0 3 47 
2 2 2 2 2 2 2 2 2 2 2 2 2 2 2 2 2 2 2 2 22 22 22 22 22 22 22 22 22 22 22 22 22 22 22 22 22 22 22 22 0 2 2 0 2 2 0 2 2 0 2 2 0 2 2 0 2 2 0 2 2 0 2 2 0 2 2 0 2 2 0 2 2 0 2 2 0 2 2 0 2 2 0 2 2 0 2 2 0 2 2 0 2 2 0 2 2 0 4 9 

[ 0.000000 0.060950 ]
[ 0.000000 0.000000 ]

[ 0.000000 0.000000 ]
[ 0.000000 0.000000 ]

[ 0.000000 0.000000 ]
[ 0.000000 0.000000 ]

--------------
2 2 2 2 2 2 2 2 2 2 2 2 2 2 2 2 2 2 2 2 22 22 22 30 22 22 22 22 22 22 22 22 22 22 22 22 22 22 22 22 0 2 2 0 2 2 0 2 2 0 2 2 0 2 2 0 2 2 0 2 2 0 2 2 0 2 2 0 2 2 0 2 2 0 2 2 0 2 2 0 2 2 0 2 2 0 2 2 0 2 2 0 2 2 0 2 2 0 3 19 
2 2 2 2 2 2 2 2 2 2 2 2 2 2 2 2 2 2 2 2 22 22 22 22 22 22 22 22 22 22 22 22 22 22 22 22 22 22 22 22 0 2 2 0 2 2 0 2 2 0 2 2 0 2 2 0 2 2 0 2 2 0 2 2 0 2 2 0 2 2 0 2 2 0 2 2 0 2 2 0 2 2 0 2 2 0 2 2 0 2 2 0 2 2 0 2 2 0 3 58 

[ 0.000000 0.060607 ]
[ 0.000000 0.000000 ]

[ 0.000000 0.000000 ]
[ 0.000000 0.000000 ]

[ 0.000000 0.000000 ]
[ 0.000000 0.000000 ]

--------------
2 2 2 2 2 2 2 2 2 2 2 2 2 2 2 2 2 2 2 2 22 22 22 22 22 22 22 22 22 22 22 22 22 22 22 22 22 22 22 22 0 2 2 0 2 2 0 2 2 0 2 2 0 2 2 0 2 2 0 2 2 0 2 2 0 2 2 0 2 2 0 2 2 0 2 2 0 2 2 0 2 2 0 2 2 0 2 2 0 2 2 0 2 2 0 2 2 0 2 62 
2 2 2 2 2 2 2 2 2 2 2 2 2 2 2 2 2 2 2 2 22 22 22 22 22 22 22 22 22 22 22 22 22 22 22 22 22 22 22 22 0 2 2 0 2 2 0 2 2 0 2 2 0 2 2 0 2 2 0 2 2 0 2 2 0 2 2 0 2 2 0 2 2 0 2 2 0 2 2 0 2 2 0 2 2 0 2 2 0 2 2 0 2 2 0 2 2 0 2 21 

[ 0.000000 0.060300 ]
[ 0.000000 0.000000 ]

[ 0.000000 0.000000 ]
[ 0.000000 0.000000 ]

[ 0.000000 0.000000 ]
[ 0.000000 0.000000 ]

--------------
2 2 2 2 2 2 2 2 2 2 2 2 2 2 2 2 2 2 2 2 22 22 22 22 22 22 22 22 22 22 22 22 22 22 22 22 22 22 22 22 0 2 2 0 2 2 0 2 2 0 2 2 0 2 2 0 2 2 0 2 2 0 2 2 0 2 2 0 2 2 0 2 2 0 2 2 0 2 2 0 2 2 0 2 2 0 2 2 0 2 2 0 2 2 0 2 2 0 2 18 
2 2 2 2 2 2 2 2 2 2 2 2 2 2 2 2 2 2 2 2 22 22 22 22 22 22 22 22 22 22 22 22 22 22 22 22 22 22 22 22 0 2 2 0 2 2 0 2 2 0 2 2 0 2 2 0 2 2 0 2 2 0 2 2 0 2 2 0 2 2 0 2 2 0 2 2 0 2 2 0 2 2 0 2 2 0 2 2 0 2 2 0 2 2 0 2 2 0 2 58 

[ 0.000000 0.060144 ]
[ 0.000000 0.000000 ]

[ 0.000000 0.000000 ]
[ 0.000000 0.000000 ]

[ 0.000000 0.000000 ]
[ 0.000000 0.000000 ]

--------------
2 2 2 2 2 2 2 2 2 2 2 2 2 2 2 2 2 2 2 2 22 22 22 22 22 22 22 22 22 22 22 22 22 22 22 22 25 22 22 22 0 2 2 0 2 2 0 2 2 0 2 2 0 2 2 0 2 2 0 2 2 0 2 2 0 2 2 0 2 2 0 2 2 0 2 2 0 2 2 0 2 2 0 2 2 0 2 2 0 2 2 0 2 2 0 2 2 0 3 8 
2 2 2 2 2 2 2 2 2 2 2 2 2 2 2 2 2 2 2 2 22 22 22 22 22 22 22 22 22 22 22 22 22 22 22 22 22 22 22 22 0 2 2 0 2 2 0 2 2 0 2 2 0 2 2 0 2 2 0 2 2 0 2 2 0 2 2 0 2 2 0 2 2 0 2 2 0 2 2 0 2 2 0 2 2 0 2 2 0 2 2 0 2 2 0 2 2 0 2 45 

[ 0.000000 0.059304 ]
[ 0.000000 0.000000 ]

[ 0.000000 0.000000 ]
[ 0.000000 0.000000 ]

[ 0.000000 0.000000 ]
[ 0.000000 0.000000 ]

--------------
2 2 2 2 2 2 2 2 2 2 2 2 2 2 2 2 2 2 2 2 22 22 22 22 22 22 22 22 22 22 22 22 22 22 22 22 22 22 22 22 0 2 2 0 2 2 0 2 2 0 2 2 0 2 2 0 2 2 0 2 2 0 2 2 0 2 2 0 2 2 0 2 2 0 2 2 0 2 2 0 2 2 0 2 2 0 2 2 0 2 2 0 2 2 0 2 2 0 2 16 
2 2 2 2 2 2 2 2 2 2 2 2 2 2 2 2 2 2 2 2 22 22 22 22 22 22 22 22 22 22 22 22 22 22 22 22 22 22 22 22 0 2 2 0 2 2 0 2 2 0 2 2 0 2 2 0 2 2 0 2 2 0 2 2 0 2 2 0 2 2 0 2 2 0 2 2 0 2 2 0 2 2 0 2 2 0 2 2 0 2 2 0 2 2 0 2 2 0 2 55 

[ 0.000000 0.059030 ]
[ 0.000000 0.000000 ]

[ 0.000000 0.000000 ]
[ 0.000000 0.000000 ]

[ 0.000000 0.000000 ]
[ 0.000000 0.000000 ]

--------------
2 2 2 2 2 2 2 2 2 2 2 2 2 2 2 2 2 2 2 2 22 22 22 22 22 22 22 22 22 22 22 22 22 22 22 22 22 22 22 22 0 2 2 0 2 2 0 2 2 0 2 2 0 2 2 0 2 2 0 2 2 0 2 2 0 2 2 0 2 2 0 2 2 0 2 2 0 2 2 0 2 2 0 2 2 0 2 2 0 2 2 0 2 2 0 2 2 0 2 8 
2 2 2 2 2 2 2 2 2 2 2 2 2 2 2 2 2 2 2 2 22 22 22 22 22 22 22 22 22 22 22 22 22 22 22 22 22 22 22 22 0 2 2 0 2 2 0 2 2 0 2 2 0 2 2 0 2 2 0 2 2 0 2 2 0 2 2 0 2 2 0 2 2 0 2 2 0 2 2 0 2 2 0 2 2 0 2 2 0 2 2 0 2 2 0 2 2 0 2 45 

[ 0.000000 0.058677 ]
[ 0.000000 0.000000 ]

[ 0.000000 0.000000 ]
[ 0.000000 0.000000 ]

[ 0.000000 0.000000 ]
[ 0.000000 0.000000 ]

--------------
2 2 2 2 2 2 2 2 2 2 2 2 2 2 2 2 2 2 2 2 22 22 22 22 22 22 22 22 22 22 22 22 22 22 22 22 22 22 22 22 0 2 2 0 2 2 0 2 2 0 2 2 0 2 2 0 2 2 0 2 2 0 2 2 0 2 2 0 2 2 0 2 2 0 2 2 0 2 2 0 2 2 0 2 2 0 2 2 0 2 2 0 2 2 0 2 2 0 2 60 
2 2 2 2 2 2 2 2 2 2 2 2 2 2 2 2 2 2 2 2 22 22 22 22 22 22 22 22 22 22 22 22 22 22 22 22 22 22 22 22 0 2 2 0 2 2 0 2 2 0 2 2 0 2 2 0 2 2 0 2 2 0 2 2 0 2 2 0 2 2 0 2 2 0 2 2 0 2 2 0 2 2 0 2 2 0 2 2 0 2 2 0 2 2 0 2 2 0 2 21 

[ 0.000000 0.055406 ]
[ 0.000000 0.000000 ]

[ 0.000000 0.000000 ]
[ 0.000000 0.000000 ]

[ 0.000000 0.000000 ]
[ 0.000000 0.000000 ]

--------------
2 2 2 2 2 2 2 2 2 2 2 2 2 2 2 2 2 2 2 2 22 22 22 22 22 22 22 22 22 22 22 22 22 22 22 22 22 22 22 22 0 2 2 0 2 2 0 2 2 0 2 2 0 2 2 0 2 2 0 2 2 0 2 2 0 2 2 0 2 2 0 2 2 0 2 2 0 2 2 0 2 2 0 2 2 0 2 2 0 2 2 0 2 2 0 2 2 0 3 60 
2 2 2 2 2 2 2 2 2 2 2 2 2 2 2 2 2 2 2 2 22 22 22 22 22 22 22 22 22 22 22 22 22 22 22 22 22 22 22 22 0 2 2 0 2 2 0 2 2 0 2 2 0 2 2 0 2 2 0 2 2 0 2 2 0 2 2 0 2 2 0 2 2 0 2 2 0 2 2 0 2 2 0 2 2 0 2 2 0 2 2 0 2 2 0 2 2 0 3 21 

[ 0.000000 0.055386 ]
[ 0.000000 0.000000 ]

[ 0.000000 0.000000 ]
[ 0.000000 0.000000 ]

[ 0.000000 0.000000 ]
[ 0.000000 0.000000 ]

--------------
2 2 2 2 2 2 2 2 2 2 2 2 2 2 2 2 2 2 2 2 22 22 22 22 22 22 22 22 22 22 22 22 22 22 22 22 22 22 22 22 0 2 2 0 2 2 0 2 2 0 2 2 0 2 2 0 2 2 0 2 2 0 2 2 0 2 2 0 2 2 0 2 2 0 2 2 0 2 2 0 2 2 0 2 2 0 2 2 0 2 2 0 2 2 0 2 2 0 4 8 
2 2 2 2 2 2 2 2 2 2 2 2 2 2 2 2 2 2 2 2 22 22 22 22 22 22 22 22 22 22 22 22 22 22 22 22 22 22 22 22 0 2 2 0 2 2 0 2 2 0 2 2 0 2 2 0 2 2 0 2 2 0 2 2 0 2 2 0 2 2 0 2 2 0 2 2 0 2 2 0 2 2 0 2 2 0 2 2 0 2 2 0 2 2 0 2 2 0 2 43 

[ 0.000000 0.053339 ]
[ 0.000000 0.000000 ]

[ 0.000000 0.000000 ]
[ 0.000000 0.000000 ]

[ 0.000000 0.000000 ]
[ 0.000000 0.000000 ]

--------------
2 2 2 2 2 2 2 2 2 2 2 2 2 2 2 2 2 2 2 2 22 22 22 22 22 22 22 22 22 22 22 22 22 22 22 22 22 22 22 22 0 2 2 0 2 2 0 2 2 0 2 2 0 2 2 0 2 2 0 2 2 0 2 2 0 2 2 0 2 2 0 2 2 0 2 2 0 2 2 0 2 2 0 2 2 0 2 2 0 2 2 0 2 2 0 2 2 0 4 15 
2 2 2 2 2 2 2 2 2 2 2 2 19 2 2 2 2 2 2 2 22 22 22 22 22 22 22 22 22 22 22 22 22 22 22 22 22 22 22 22 0 8 2 0 2 2 0 2 2 0 2 2 0 2 2 0 2 2 0 2 2 0 2 2 0 2 2 0 2 2 0 2 2 0 2 2 0 2 2 0 2 2 0 2 2 0 2 2 0 2 2 0 2 2 0 2 2 0 3 45 

[ 0.000000 0.049862 ]
[ 0.000000 0.000000 ]

[ 0.000000 0.000000 ]
[ 0.000000 0.000000 ]

[ 0.000000 0.000000 ]
[ 0.000000 0.000000 ]

--------------
2 2 2 2 2 2 2 2 2 2 2 2 2 2 2 2 2 2 2 2 22 22 22 22 22 22 22 22 22 22 22 22 22 22 22 22 22 22 22 22 0 2 2 0 2 2 0 2 2 0 2 2 0 2 2 0 2 2 0 2 2 0 2 2 0 2 2 0 2 2 0 2 2 0 2 2 0 2 2 0 2 2 0 2 2 0 2 2 0 2 2 0 2 2 0 2 2 0 3 15 
2 2 2 2 2 2 2 2 2 2 2 2 2 2 2 2 2 2 2 2 22 22 22 22 22 22 22 22 22 22 22 22 22 22 22 22 22 22 22 22 0 2 2 0 2 2 0 2 2 0 2 2 0 2 2 0 2 2 0 2 2 0 2 2 0 2 2 0 2 2 0 2 2 0 2 2 0 2 2 0 2 2 0 2 2 0 2 2 0 2 2 0 2 2 0 2 2 0 3 49 

[ 0.000000 0.046971 ]
[ 0.000000 0.000000 ]

[ 0.000000 0.000000 ]
[ 0.000000 0.000000 ]

[ 0.000000 0.000000 ]
[ 0.000000 0.000000 ]

--------------
2 2 2 2 2 2 2 2 2 2 2 2 2 2 2 2 2 2 2 2 22 22 22 22 22 22 22 22 22 22 22 22 22 22 22 22 22 22 22 22 0 2 2 0 2 2 0 2 2 0 2 2 0 2 2 0 2 2 0 2 2 0 2 2 0 2 2 0 2 2 0 2 2 0 2 2 0 2 2 0 2 2 0 2 2 0 2 2 0 2 2 0 2 2 0 2 2 0 4 10 
2 2 2 2 2 2 2 2 2 2 2 2 2 2 2 2 2 2 2 2 22 22 22 22 22 22 22 22 22 22 22 22 22 22 22 22 22 22 22 22 0 2 2 0 2 2 0 2 2 0 2 2 0 2 2 0 2 2 0 2 2 0 2 2 0 2 2 0 2 2 0 2 2 0 2 2 0 2 2 0 2 2 0 2 2 0 2 2 0 2 2 0 2 2 0 2 2 0 3 43 

[ 0.000000 0.046956 ]
[ 0.000000 0.000000 ]

[ 0.000000 0.000000 ]
[ 0.000000 0.000000 ]

[ 0.000000 0.000000 ]
[ 0.000000 0.000000 ]

--------------
2 2 2 2 2 2 2 2 2 2 2 2 2 2 2 2 2 2 2 2 22 22 22 22 22 22 22 22 22 22 22 22 22 22 22 22 22 22 22 22 0 2 2 0 2 2 0 2 2 0 2 2 0 2 2 0 2 2 0 2 2 0 2 2 0 2 2 0 2 2 0 2 2 0 2 2 0 2 2 0 2 2 0 2 2 0 2 2 0 2 2 0 2 2 0 2 2 0 2 44 
2 2 2 2 2 2 2 2 2 2 2 2 2 2 2 2 2 2 2 2 22 22 22 22 22 22 22 22 22 22 22 22 22 22 22 22 22 22 22 22 0 2 2 0 2 2 0 2 2 0 2 2 0 2 2 0 2 2 0 2 2 0 2 2 0 2 2 0 2 2 0 2 2 0 2 2 0 2 2 0 2 2 0 2 2 0 2 2 0 2 2 0 2 2 0 2 2 0 3 11 

[ 0.000000 0.046521 ]
[ 0.000000 0.000000 ]

[ 0.000000 0.000000 ]
[ 0.000000 0.000000 ]

[ 0.000000 0.000000 ]
[ 0.000000 0.000000 ]

--------------
2 2 2 2 2 2 2 2 2 2 2 2 2 2 2 2 2 2 7 2 22 22 22 22 22 22 22 22 22 40 22 22 22 22 22 22 22 22 22 22 0 2 2 0 2 2 0 2 2 0 2 2 0 2 2 0 2 2 0 2 2 0 2 2 0 2 2 0 2 2 0 2 2 0 2 2 0 2 2 0 2 2 0 2 2 0 2 2 0 2 2 0 2 2 0 2 2 0 3 19 
2 2 2 2 2 2 2 2 2 2 2 2 2 2 2 2 2 2 2 2 22 22 22 22 22 22 22 22 22 22 22 22 22 22 22 22 22 22 22 22 0 2 2 0 2 2 0 2 2 0 2 2 0 2 2 0 2 2 0 2 2 0 2 2 0 2 2 0 2 2 0 2 2 0 2 2 0 2 2 0 2 2 0 2 2 0 2 2 0 2 2 0 2 2 0 2 2 0 3 43 

[ 0.000000 0.039753 ]
[ 0.000000 0.000000 ]

[ 0.000000 0.000000 ]
[ 0.000000 0.000000 ]

[ 0.000000 0.000000 ]
[ 0.000000 0.000000 ]

--------------
2 2 2 2 2 2 2 2 2 2 2 2 2 2 2 2 2 2 2 2 22 22 22 22 22 22 22 22 22 22 22 22 22 22 22 22 22 22 22 22 0 2 2 0 2 2 0 2 2 0 2 2 0 2 2 0 2 2 0 2 2 0 2 2 0 2 2 0 2 2 0 2 2 0 2 2 0 2 2 0 2 2 0 2 2 0 2 2 0 2 2 0 2 2 0 2 2 0 2 19 
2 2 2 2 2 2 2 2 2 2 2 2 2 2 2 2 2 2 2 2 22 22 22 22 22 22 22 22 22 22 22 22 22 22 22 22 22 22 22 22 0 2 2 0 2 2 0 2 2 0 2 2 0 2 2 0 2 2 0 2 2 0 2 2 0 2 2 0 2 2 0 2 2 0 2 2 0 2 2 0 2 2 0 2 2 0 2 2 0 2 2 0 2 2 0 2 2 0 3 49 

[ 0.000000 0.035914 ]
[ 0.000000 0.000000 ]

[ 0.000000 0.000000 ]
[ 0.000000 0.000000 ]

[ 0.000000 0.000000 ]
[ 0.000000 0.000000 ]

--------------
2 2 2 2 2 2 2 2 2 2 2 2 2 2 2 2 2 2 2 2 22 22 22 22 22 22 22 22 22 22 22 22 22 22 22 22 22 22 22 22 0 2 2 0 2 2 0 2 2 0 2 2 0 2 2 0 2 2 0 2 2 0 2 2 0 2 2 0 2 2 0 2 2 0 2 2 0 2 2 0 2 2 0 2 2 0 2 2 0 2 2 0 2 2 0 2 2 0 3 44 
2 2 2 2 2 2 2 2 2 2 2 2 2 2 2 2 2 2 2 2 22 22 22 22 22 22 22 22 22 22 22 22 22 22 22 22 22 22 22 22 0 2 2 0 2 2 0 2 2 0 2 2 0 2 2 0 2 2 0 2 2 0 2 2 0 2 2 0 2 2 0 2 2 0 2 2 0 2 2 0 2 2 0 2 2 0 2 2 0 2 2 0 2 2 0 2 2 0 3 18 

[ 0.000000 0.027997 ]
[ 0.000000 0.000000 ]

[ 0.000000 0.000000 ]
[ 0.000000 0.000000 ]

[ 0.000000 0.000000 ]
[ 0.000000 0.000000 ]

